100	29	0.002	3001	0	3584
100	29	0.004	3001	0	3584
100	29	0.002	3001	0	3584
100	29	0.003	3001	0	3584
100	29	0.003	3001	0	3584
100	2477	0.338	247805	0	392736
100	2477	0.303	247805	0	392736
100	2477	0.293	247805	0	392736
100	2477	0.441	247805	0	392736
100	2477	0.405	247805	0	392736
100	4939	0.635	494008	0	689421
100	4939	0.641	494008	0	689421
100	4939	0.801	494008	0	689421
100	4939	0.906	494008	0	689421
100	4939	0.793	494008	0	689421
100	7421	0.927	742349	0	984212
100	7421	1.069	742349	0	984212
100	7421	0.908	742349	0	984212
100	7421	0.975	742349	0	984212
100	7421	0.847	742349	0	984212
100	9900	1.079	990218	0	1180177
100	9900	1.178	990218	0	1180177
100	9900	1.166	990218	0	1180177
100	9900	1.354	990218	0	1180177
100	9900	1.175	990218	0	1180177
200	66	0.043	13401	0	43749
200	66	0.034	13401	0	43749
200	66	0.035	13401	0	43749
200	66	0.032	13401	0	43749
200	66	0.046	13401	0	43749
200	9883	2.835	1976805	0	3053725
200	9883	3.017	1976805	0	3053725
200	9883	2.811	1976805	0	3053725
200	9883	2.741	1976805	0	3053725
200	9883	2.662	1976805	0	3053725
200	19922	4.760	3984602	0	5485083
200	19922	5.415	3984602	0	5485083
200	19922	6.167	3984602	0	5485083
200	19922	5.822	3984602	0	5485083
200	19922	5.722	3984602	0	5485083
200	29838	7.952	5967806	0	7348199
200	29838	7.402	5967806	0	7348199
200	29838	8.091	5967806	0	7348199
200	29838	7.494	5967806	0	7348199
200	29838	8.786	5967806	0	7348199
200	39800	10.969	7960228	0	9177690
200	39800	9.737	7960228	0	9177690
200	39800	11.197	7960228	0	9177690
200	39800	10.131	7960228	0	9177690
200	39800	9.995	7960228	0	9177690
300	82	0.035	24901	0	42352
300	82	0.032	24901	0	42352
300	82	0.036	24901	0	42352
300	82	0.026	24901	0	42352
300	82	0.034	24901	0	42352
300	22503	9.593	6751202	0	9332341
300	22503	9.191	6751202	0	9332341
300	22503	8.711	6751202	0	9332341
300	22503	9.805	6751202	0	9332341
300	22503	11.622	6751202	0	9332341
300	44994	18.538	13498559	0	16903328
300	44994	20.655	13498559	0	16903328
300	44994	18.226	13498559	0	16903328
300	44994	17.930	13498559	0	16903328
300	44994	25.192	13498559	0	16903328
300	67173	35.576	20152209	0	24148507
300	67173	32.624	20152209	0	24148507
300	67173	29.051	20152209	0	24148507
300	67173	28.870	20152209	0	24148507
300	67173	25.986	20152209	0	24148507
300	89700	33.208	26910304	0	31303150
300	89700	33.433	26910304	0	31303150
300	89700	33.501	26910304	0	31303150
300	89700	34.867	26910304	0	31303150
300	89700	34.797	26910304	0	31303150
400	129	0.130	52001	0	163062
400	129	0.122	52001	0	163062
400	129	0.137	52001	0	163062
400	129	0.147	52001	0	163062
400	129	0.129	52001	0	163062
400	40055	25.947	16022402	0	20299735
400	40055	27.647	16022402	0	20299735
400	40055	23.852	16022402	0	20299735
400	40055	21.579	16022402	0	20299735
400	40055	21.301	16022402	0	20299735
400	80043	40.934	32017603	0	41034559
400	80043	41.896	32017603	0	41034559
400	80043	41.230	32017603	0	41034559
400	80043	52.239	32017603	0	41034559
400	80043	46.513	32017603	0	41034559
400	120072	63.199	48029231	0	55741549
400	120072	57.983	48029231	0	55741549
400	120072	59.141	48029231	0	55741549
400	120072	57.899	48029231	0	55741549
400	120072	66.767	48029231	0	55741549
400	159600	89.231	63841066	0	69513058
400	159600	83.085	63841066	0	69513058
400	159600	83.127	63841066	0	69513058
400	159600	87.535	63841066	0	69513058
400	159600	101.465	63841066	0	69513058
500	144	0.159	72502	0	182795
500	144	0.149	72502	0	182795
500	144	0.166	72502	0	182795
500	144	0.167	72502	0	182795
500	144	0.348	72502	0	182795
500	62369	62.642	31185103	0	41713852
500	62369	45.144	31185103	0	41713852
500	62369	43.996	31185103	0	41713852
500	62369	52.679	31185103	0	41713852
500	62369	53.589	31185103	0	41713852
500	125053	82.617	62527001	0	76398243
500	125053	102.949	62527001	0	76398243
500	125053	89.135	62527001	0	76398243
500	125053	88.657	62527001	0	76398243
500	125053	100.390	62527001	0	76398243
500	187074	126.645	93537529	0	105656416
500	187074	120.792	93537529	0	105656416
500	187074	118.985	93537529	0	105656416
500	187074	113.068	93537529	0	105656416
500	187074	108.941	93537529	0	105656416
500	249500	148.435	124751015	0	137618654
500	249500	152.550	124751015	0	137618654
500	249500	153.118	124751015	0	137618654
500	249500	147.392	124751015	0	137618654
500	249500	160.028	124751015	0	137618654
600	182	0.196	109801	0	314354
600	182	0.196	109801	0	314354
600	182	0.246	109801	0	314354
600	182	0.275	109801	0	314354
600	182	0.326	109801	0	314354
600	90391	70.042	54235205	0	72399774
600	90391	78.270	54235205	0	72399774
600	90391	69.153	54235205	0	72399774
600	90391	69.956	54235205	0	72399774
600	90391	70.704	54235205	0	72399774
600	180162	162.599	108097806	0	127690852
600	180162	127.019	108097806	0	127690852
600	180162	138.335	108097806	0	127690852
600	180162	127.413	108097806	0	127690852
600	180162	133.299	108097806	0	127690852
600	269918	195.249	161951416	0	186672408
600	269918	205.952	161951416	0	186672408
600	269918	179.128	161951416	0	186672408
600	269918	195.521	161951416	0	186672408
600	269918	152.026	161951416	0	186672408
600	359400	187.546	215640634	0	236539702
600	359400	207.714	215640634	0	236539702
600	359400	203.575	215640634	0	236539702
600	359400	219.518	215640634	0	236539702
600	359400	221.267	215640634	0	236539702
700	260	0.221	182701	0	432371
700	260	0.233	182701	0	432371
700	260	0.250	182701	0	432371
700	260	0.255	182701	0	432371
700	260	0.369	182701	0	432371
700	122281	87.314	85597427	0	113242492
700	122281	86.705	85597427	0	113242492
700	122281	90.253	85597427	0	113242492
700	122281	90.231	85597427	0	113242492
700	122281	94.833	85597427	0	113242492
700	244161	164.846	170913406	0	203335455
700	244161	168.728	170913406	0	203335455
700	244161	160.256	170913406	0	203335455
700	244161	162.093	170913406	0	203335455
700	244161	160.627	170913406	0	203335455
700	366848	238.043	256794314	0	291149333
700	366848	237.009	256794314	0	291149333
700	366848	237.461	256794314	0	291149333
700	366848	238.439	256794314	0	291149333
700	366848	248.669	256794314	0	291149333
700	489300	308.155	342510808	0	362585468
700	489300	303.342	342510808	0	362585468
700	489300	306.845	342510808	0	362585468
700	489300	337.690	342510808	0	362585468
700	489300	320.300	342510808	0	362585468
800	251	0.256	201602	0	435527
800	251	0.265	201602	0	435527
800	251	0.243	201602	0	435527
800	251	0.249	201602	0	435527
800	251	0.252	201602	0	435527
800	160201	126.439	128161602	0	170481943
800	160201	121.659	128161602	0	170481943
800	160201	122.823	128161602	0	170481943
800	160201	126.430	128161602	0	170481943
800	160201	135.647	128161602	0	170481943
800	319622	270.786	255698433	0	313408474
800	319622	260.824	255698433	0	313408474
800	319622	240.350	255698433	0	313408474
800	319622	245.365	255698433	0	313408474
800	319622	256.603	255698433	0	313408474
800	480060	376.707	384048840	0	426896566
800	480060	354.445	384048840	0	426896566
800	480060	349.665	384048840	0	426896566
800	480060	351.835	384048840	0	426896566
