100	29	0.002	3001	562	3022
100	29	0.004	3001	562	3022
100	29	0.002	3001	562	3022
100	29	0.003	3001	562	3022
100	29	0.003	3001	562	3022
100	2477	0.338	247805	144910	247826
100	2477	0.303	247805	144910	247826
100	2477	0.293	247805	144910	247826
100	2477	0.441	247805	144910	247826
100	2477	0.405	247805	144910	247826
100	4939	0.635	494008	195398	494023
100	4939	0.641	494008	195398	494023
100	4939	0.801	494008	195398	494023
100	4939	0.906	494008	195398	494023
100	4939	0.793	494008	195398	494023
100	7421	0.927	742349	241845	742367
100	7421	1.069	742349	241845	742367
100	7421	0.908	742349	241845	742367
100	7421	0.975	742349	241845	742367
100	7421	0.847	742349	241845	742367
100	9900	1.079	990218	189944	990233
100	9900	1.178	990218	189944	990233
100	9900	1.166	990218	189944	990233
100	9900	1.354	990218	189944	990233
100	9900	1.175	990218	189944	990233
200	66	0.043	13401	30279	13470
200	66	0.034	13401	30279	13470
200	66	0.035	13401	30279	13470
200	66	0.032	13401	30279	13470
200	66	0.046	13401	30279	13470
200	9883	2.835	1976805	1076893	1976832
200	9883	3.017	1976805	1076893	1976832
200	9883	2.811	1976805	1076893	1976832
200	9883	2.741	1976805	1076893	1976832
200	9883	2.662	1976805	1076893	1976832
200	19922	4.760	3984602	1500454	3984629
200	19922	5.415	3984602	1500454	3984629
200	19922	6.167	3984602	1500454	3984629
200	19922	5.822	3984602	1500454	3984629
200	19922	5.722	3984602	1500454	3984629
200	29838	7.952	5967806	1380369	5967830
200	29838	7.402	5967806	1380369	5967830
200	29838	8.091	5967806	1380369	5967830
200	29838	7.494	5967806	1380369	5967830
200	29838	8.786	5967806	1380369	5967830
200	39800	10.969	7960228	1217441	7960249
200	39800	9.737	7960228	1217441	7960249
200	39800	11.197	7960228	1217441	7960249
200	39800	10.131	7960228	1217441	7960249
200	39800	9.995	7960228	1217441	7960249
300	82	0.035	24901	17403	24949
300	82	0.032	24901	17403	24949
300	82	0.036	24901	17403	24949
300	82	0.026	24901	17403	24949
300	82	0.034	24901	17403	24949
300	22503	9.593	6751202	2581121	6751220
300	22503	9.191	6751202	2581121	6751220
300	22503	8.711	6751202	2581121	6751220
300	22503	9.805	6751202	2581121	6751220
300	22503	11.622	6751202	2581121	6751220
300	44994	18.538	13498559	3404739	13498589
300	44994	20.655	13498559	3404739	13498589
300	44994	18.226	13498559	3404739	13498589
300	44994	17.930	13498559	3404739	13498589
300	44994	25.192	13498559	3404739	13498589
300	67173	35.576	20152209	3996274	20152233
300	67173	32.624	20152209	3996274	20152233
300	67173	29.051	20152209	3996274	20152233
300	67173	28.870	20152209	3996274	20152233
300	67173	25.986	20152209	3996274	20152233
300	89700	33.208	26910304	4392825	26910325
300	89700	33.433	26910304	4392825	26910325
300	89700	33.501	26910304	4392825	26910325
300	89700	34.867	26910304	4392825	26910325
300	89700	34.797	26910304	4392825	26910325
400	129	0.130	52001	110977	52085
400	129	0.122	52001	110977	52085
400	129	0.137	52001	110977	52085
400	129	0.147	52001	110977	52085
400	129	0.129	52001	110977	52085
400	40055	25.947	16022402	4277309	16022426
400	40055	27.647	16022402	4277309	16022426
400	40055	23.852	16022402	4277309	16022426
400	40055	21.579	16022402	4277309	16022426
400	40055	21.301	16022402	4277309	16022426
400	80043	40.934	32017603	9016938	32017621
400	80043	41.896	32017603	9016938	32017621
400	80043	41.230	32017603	9016938	32017621
400	80043	52.239	32017603	9016938	32017621
400	80043	46.513	32017603	9016938	32017621
400	120072	63.199	48029231	7712294	48029255
400	120072	57.983	48029231	7712294	48029255
400	120072	59.141	48029231	7712294	48029255
400	120072	57.899	48029231	7712294	48029255
400	120072	66.767	48029231	7712294	48029255
400	159600	89.231	63841066	5671965	63841093
400	159600	83.085	63841066	5671965	63841093
400	159600	83.127	63841066	5671965	63841093
400	159600	87.535	63841066	5671965	63841093
400	159600	101.465	63841066	5671965	63841093
500	144	0.159	72502	110230	72565
500	144	0.149	72502	110230	72565
500	144	0.166	72502	110230	72565
500	144	0.167	72502	110230	72565
500	144	0.348	72502	110230	72565
500	62369	62.642	31185103	10528725	31185127
500	62369	45.144	31185103	10528725	31185127
500	62369	43.996	31185103	10528725	31185127
500	62369	52.679	31185103	10528725	31185127
500	62369	53.589	31185103	10528725	31185127
500	125053	82.617	62527001	13871224	62527019
500	125053	102.949	62527001	13871224	62527019
500	125053	89.135	62527001	13871224	62527019
500	125053	88.657	62527001	13871224	62527019
500	125053	100.390	62527001	13871224	62527019
500	187074	126.645	93537529	12118872	93537544
500	187074	120.792	93537529	12118872	93537544
500	187074	118.985	93537529	12118872	93537544
500	187074	113.068	93537529	12118872	93537544
500	187074	108.941	93537529	12118872	93537544
500	249500	148.435	124751015	12867615	124751039
500	249500	152.550	124751015	12867615	124751039
500	249500	153.118	124751015	12867615	124751039
500	249500	147.392	124751015	12867615	124751039
500	249500	160.028	124751015	12867615	124751039
600	182	0.196	109801	204466	109888
600	182	0.196	109801	204466	109888
600	182	0.246	109801	204466	109888
600	182	0.275	109801	204466	109888
600	182	0.326	109801	204466	109888
600	90391	70.042	54235205	18164554	54235220
600	90391	78.270	54235205	18164554	54235220
600	90391	69.153	54235205	18164554	54235220
600	90391	69.956	54235205	18164554	54235220
600	90391	70.704	54235205	18164554	54235220
600	180162	162.599	108097806	19593031	108097821
600	180162	127.019	108097806	19593031	108097821
600	180162	138.335	108097806	19593031	108097821
600	180162	127.413	108097806	19593031	108097821
600	180162	133.299	108097806	19593031	108097821
600	269918	195.249	161951416	24720965	161951443
600	269918	205.952	161951416	24720965	161951443
600	269918	179.128	161951416	24720965	161951443
600	269918	195.521	161951416	24720965	161951443
600	269918	152.026	161951416	24720965	161951443
600	359400	187.546	215640634	20899047	215640655
600	359400	207.714	215640634	20899047	215640655
600	359400	203.575	215640634	20899047	215640655
600	359400	219.518	215640634	20899047	215640655
600	359400	221.267	215640634	20899047	215640655
700	260	0.221	182701	249595	182776
700	260	0.233	182701	249595	182776
700	260	0.250	182701	249595	182776
700	260	0.255	182701	249595	182776
700	260	0.369	182701	249595	182776
700	122281	87.314	85597427	27645041	85597451
700	122281	86.705	85597427	27645041	85597451
700	122281	90.253	85597427	27645041	85597451
700	122281	90.231	85597427	27645041	85597451
700	122281	94.833	85597427	27645041	85597451
700	244161	164.846	170913406	32422025	170913430
700	244161	168.728	170913406	32422025	170913430
700	244161	160.256	170913406	32422025	170913430
700	244161	162.093	170913406	32422025	170913430
700	244161	160.627	170913406	32422025	170913430
700	366848	238.043	256794314	34355001	256794332
700	366848	237.009	256794314	34355001	256794332
700	366848	237.461	256794314	34355001	256794332
700	366848	238.439	256794314	34355001	256794332
700	366848	248.669	256794314	34355001	256794332
700	489300	308.155	342510808	20074639	342510829
700	489300	303.342	342510808	20074639	342510829
700	489300	306.845	342510808	20074639	342510829
