0.444768
0.361051
0.640784
0.632767
0.315558
0.743544
0.563329
0.568341
0.327233
0.857819
0.911607
0.100166
0.697293
0.716531
0.0126678
0.30449
0.898648
0.71226
0.222414
0.495595
0.256611
0.675755
0.789157
0.361873
0.914881
0.801174
0.345352
0.361976
0.412027
0.778263
0.375379
0.856795
0.139314
0.0161632
0.489562
0.454872
0.759707
0.0528911
0.0232128
0.0869401
0.91071
0.93482
0.187106
0.608002
0.651351
0.199774
0.912492
0.549999
0.912035
0.134906
0.0455938
0.168645
0.810661
0.83475
0.530518
0.725542
0.635925
0.87587
0.0875184
0.0479518
0.654133
0.462897
0.904747
0.793447
0.479061
0.394309
0.248319
0.238768
0.4472
0.271532
0.325708
0.35791
0.206352
0.512814
0.965912
0.857703
0.712589
0.878404
0.407702
0.624623
0.0133104
0.453295
0.793268
0.823972
0.288046
0.323786
0.549514
0.923971
0.199656
0.637032
0.971923
0.853789
0.0999298
0.87667
0.647236
0.57899
0.270979
0.895555
0.817758
0.718179
0.167087
0.143466
0.0760891
0.373439
0.65628
0.0420012
0.231142
0.368869
0.920405
0.638844
0.993492
0.933716
0.092139
0.78676
0.757687
0.380185
0.110546
0.307201
0.304156
0.310202
0.944234
0.276078
0.163991
0.0441635
0.152748
0.811226
0.623154
0.423727
0.706781
0.440912
0.141906
0.873868
0.584378
0.217995
0.247307
0.240659
0.259996
0.478448
0.609528
0.180402
0.117292
0.60302
0.114118
0.209431
0.38978
0.871805
0.589616
0.500326
0.179006
0.893772
0.810529
0.12324
0.16985
0.974519
0.167404
0.322598
0.785745
0.790557
0.746324
0.492526
0.23147
0.88823
0.366394
0.815848
0.106225
0.613701
0.0565068
0.366222
0.092149
0.666035
0.546623
0.209441
0.269054
0.660741
0.418872
0.658835
0.532546
0.00848793
0.159161
0.711552
0.90226
0.96969
0.834792
0.0721093
0.944209
0.00219594
0.394707
0.729954
0.792753
0.141031
0.22248
0.0242231
0.0292615
0.588874
0.840071
0.135487
0.202575
0.896578
0.501709
0.294724
0.562613
0.048332
0.504165
0.831667
0.709073
0.923037
0.490501
0.241619
0.931525
0.649662
0.953171
0.833784
0.619352
0.787964
0.905893
0.563561
0.79016
0.3006
0.293515
0.582913
0.441632
0.515995
0.607136
0.470893
0.104869
0.447208
0.60638
0.307444
0.343786
0.108089
0.602168
0.906398
0.156421
0.106332
0.738065
0.865494
0.0293689
0.228566
0.107113
0.960893
0.878229
0.0602841
0.794678
0.497581
0.848248
0.700571
0.0611415
0.638408
0.00117129
0.354656
0.221321
0.442803
0.870651
0.828457
0.913696
0.975521
0.275665
0.520076
0.282965
0.619451
0.628165
0.885132
0.525849
0.784585
0.991464
0.263914
0.650079
0.0208334
0.49248
0.757192
0.981727
0.370709
0.817476
0.776404
0.86829
0.665724
0.476975
0.929431
0.304131
0.478147
0.284088
0.525452
0.92095
0.154739
0.35391
0.834646
0.13026
0.629575
0.354722
0.413224
0.249026
0.982886
0.298357
0.774874
0.767472
0.289821
0.0387882
0.417551
0.310654
0.531268
0.174742
0.292381
0.901977
0.992218
0.0687857
0.770267
0.657941
0.545761
0.699698
0.962073
0.0239076
0.983786
0.487525
0.944857
0.138525
0.841435
0.779503
0.268784
0.47101
0.134224
0.682009
0.720035
0.117111
0.980365
0.49491
0.884583
0.270186
0.533698
0.302133
0.580841
0.0649662
0.476875
0.873222
0.966943
0.469093
0.942008
0.73721
0.127034
0.487769
0.436908
0.0891071
0.511676
0.420694
0.576632
0.456534
0.559219
0.418067
0.236036
0.828003
0.889077
0.370261
0.510012
0.609112
0.487371
0.490377
0.104022
0.371954
0.760563
0.637719
0.674087
0.341404
0.702686
0.150963
0.214626
0.669629
0.620056
0.156634
0.406839
0.74709
0.644403
0.843748
0.836197
0.15608
0.264442
0.412829
0.612613
0.823661
0.830896
0.84865
0.651664
0.719973
0.21891
0.161675
0.329085
0.706282
0.652052
0.433107
0.0782356
0.412616
0.0708263
0.752323
0.75402
0.773512
0.903285
0.968646
0.443141
0.523341
0.125281
0.849981
0.270431
0.769684
0.693729
0.106629
0.925764
0.958171
0.519458
0.538377
0.781831
0.350354
0.387027
0.433495
0.0703274
0.605937
0.595171
0.399412
0.312219
0.247223
0.832519
0.390454
0.659838
0.903346
0.142777
0.413858
0.676857
0.0460624
0.382505
0.119999
0.569403
0.507785
0.969979
0.839835
0.277469
0.663708
0.946463
0.203233
0.621878
0.465921
0.74161
0.40371
0.816275
0.128637
0.837205
0.886603
0.734574
0.432375
0.286015
0.0467924
0.679598
0.118534
0.437247
0.339437
0.02188
0.580024
0.753295
0.698737
0.626086
0.1358
0.818736
0.195489
0.643585
0.788715
0.0353241
0.921055
0.452423
0.981787
0.124288
0.0743009
0.447708
0.865898
0.478011
0.263984
0.994535
0.315215
0.150587
0.729109
0.747591
0.436602
0.775901
0.427189
0.555136
0.213148
0.766626
0.577016
0.793172
0.519921
0.275754
0.419258
0.655721
0.0944898
0.614747
0.299306
0.883205
0.650071
0.220361
0.335628
0.631858
0.344648
0.409928
0.0795669
0.210546
0.887939
0.343551
0.205082
0.203154
0.494137
0.93419
0.950745
0.930739
0.710092
0.377934
0.485876
0.92324
0.14456
0.0628919
0.716411
0.664481
0.338646
0.135669
0.320202
0.433135
0.750416
0.619507
0.31634
0.400487
0.839868
0.651968
0.0323454
0.184516
0.0618963
0.111912
0.395063
0.949835
0.455463
0.600144
0.15299
0.949601
0.534335
0.103735
0.88034
0.244427
0.481669
0.366215
0.167666
0.626229
0.429107
0.884078
0.29071
0.767753
0.0197463
0.610912
0.200888
0.770162
0.230419
0.517229
0.170649
0.0702872
0.169197
0.202994
0.254804
0.231093
0.314907
0.649867
0.180928
0.77037
0.250011
0.333918
0.71997
0.784346
0.437653
0.60031
0.0287723
0.919322
0.966525
0.196439
0.545552
0.395633
0.0805161
0.836262
0.163386
0.100262
0.447174
0.364274
0.870425
0.677593
0.881503
0.0410736
0.74788
0.0506995
0.244068
0.00268347
0.281792
0.558975
0.65255
0.462721
0.329345
0.902561
0.796639
0.0493149
0.686907
0.234292
0.649625
0.715679
0.153614
0.61615
0.912118
0.699166
0.0117832
0.992634
0.535428
0.175169
0.0928961
0.982601
0.539443
0.963321
0.660194
0.420946
0.00439433
0.408074
0.471645
0.248462
0.410757
0.753438
0.807437
0.0633073
0.216159
0.136782
0.965868
0.0127973
0.186096
0.652775
0.247089
0.835721
0.368454
0.400703
0.451872
0.280571
0.0998693
0.463655
0.273205
0.635297
0.638824
0.366101
0.617898
0.178267
0.329422
0.278092
0.599213
0.333816
0.686166
0.0708587
0.582279
0.0969234
0.824297
0.389716
0.160231
0.0404552
0.526497
0.126099
0.0532525
0.712594
0.778874
0.300342
0.548315
0.147328
0.701045
0.000187134
0.427899
0.800914
0.463842
0.701104
0.436211
0.102666
0.0672051
0.0541095
0.280934
0.396627
0.332202
0.880147
0.730443
0.0183679
0.951006
0.312722
0.115291
0.775302
0.702437
0.275522
0.815757
0.228934
0.401621
0.86901
0.941528
0.180495
0.169352
0.489843
0.327822
0.870397
0.49003
0.755721
0.671311
0.953873
0.456825
0.107522
0.0565392
0.52403
0.161632
0.337473
0.920657
0.493833
0.21762
0.6511
0.512201
0.168625
0.963822
0.627493
0.943928
0.666259
0.903015
0.759685
0.895193
0.304636
0.628695
0.836721
0.48513
0.798046
0.326565
0.812953
0.668443
0.816595
0.568674
0.339754
0.770468
0.0254989
0.447276
0.827007
0.549529
0.608908
0.16448
0.470186
0.102741
0.3821
0.121286
0.614943
0.550725
0.0851082
0.242435
0.494653
0.751367
0.14545
0.254338
0.64656
0.450085
0.883033
0.483282
0.935216
0.681079
0.809847
0.748168
0.349522
0.626442
0.316842
0.689276
0.39691
0.342341
0.136552
0.223917
0.89187
0.74546
0.388397
0.362056
0.848201
0.770496
0.483343
0.463144
0.321222
0.568451
0.705579
0.815874
0.319818
0.851029
0.0702118
0.966378
0.301115
0.953244
0.44966
0.23633
0.634323
0.259507
0.984499
0.983846
0.885949
0.30134
0.673122
0.282858
0.643681
0.809674
0.506775
0.535551
0.555134
0.895172
0.897607
0.403335
0.665668
0.38095
0.866479
0.98689
0.9494
0.572058
0.802764
0.269218
0.423087
0.872976
0.235597
0.724202
0.82622
0.685257
0.960532
0.460544
0.944763
0.945031
0.444389
0.830712
0.246371
0.117511
0.11357
0.890053
0.927185
0.620345
0.425604
0.482319
0.515517
0.323211
0.885654
0.181186
0.704161
0.752133
0.168075
0.653561
0.324192
0.97084
0.922779
0.747279
0.843815
0.158376
0.471481
0.670036
0.843633
0.432013
0.130579
0.788396
0.377044
0.574969
0.619108
0.623415
0.69248
0.732678
0.513468
0.619664
0.353023
0.939072
0.101983
0.86854
0.262283
0.987637
0.049726
0.966443
0.73977
0.217801
0.620005
0.0639618
0.188641
0.542784
0.811241
0.0324563
0.70116
0.282722
0.702492
0.544793
0.714735
0.833071
0.333189
0.0917793
0.40804
0.952296
0.715195
0.10052
0.684975
0.228663
0.720184
0.0379978
0.167735
0.822167
0.906538
0.430017
0.809804
0.956264
0.396461
0.549574
0.174066
0.0164653
0.613536
0.362707
0.559249
0.424777
0.395163
0.260409
0.707499
0.0976549
0.805202
0.422234
0.930726
0.13839
0.514013
0.338766
0.0906868
0.229208
0.439286
0.775661
0.45787
0.15947
0.813659
0.625605
0.981637
0.720197
0.0556223
0.791441
0.676462
0.452083
0.341015
0.850527
0.468548
0.954551
0.213234
0.0277976
0.379328
0.608397
0.288207
0.0868262
0.706052
0.0934087
0.50906
0.636778
0.231799
0.0230727
0.975544
0.322486
0.25228
0.41483
0.0981472
0.710151
0.5743
0.911806
0.335756
0.555937
0.632004
0.391378
0.347377
0.308466
0.843461
0.688392
0.158993
0.312009
0.642943
0.372227
0.339807
0.0222704
0.980624
0.628014
0.109097
0.686675
0.721423
0.618156
0.323453
0.953222
0.641229
0.298998
0.275707
0.893509
0.713828
0.373855
0.60366
0.288128
0.285661
0.939416
0.844065
0.917665
0.330794
0.191442
0.22613
0.174255
0.879834
0.385123
0.486265
0.522777
0.75735
0.826072
0.545047
0.737974
0.454086
0.654144
0.424649
0.175508
0.2723
0.748102
0.12873
0.913529
0.0471002
0.404437
0.807038
0.760928
0.778292
0.410698
0.0490562
0.0639527
0.350114
0.893121
0.981617
0.680908
0.0845624
0.207748
0.855163
0.964396
0.592871
0.341428
0.487173
0.350221
0.167499
0.0322195
0.0881943
0.621585
0.686363
0.512843
0.797093
0.958663
0.260946
0.925823
0.872192
0.308046
0.33026
0.67923
0.0689743
0.108552
0.0899284
0.11803
0.172504
0.440043
0.0111512
0.154122
0.120951
0.0957136
0.361869
0.976114
0.0601097
0.95474
0.317542
0.547282
0.304961
0.485041
0.579502
0.393155
0.106626
0.265865
0.905998
0.903719
0.224528
0.166944
0.829542
0.0967197
0.47499
0.159802
0.77595
0.543964
0.268354
0.865878
0.661995
0.440858
0.305921
0.673146
0.59498
0.426871
0.76886
0.956849
0.402985
0.828969
0.911589
0.720527
0.376252
0.21655
0.205568
0.955753
0.609705
0.312195
0.221618
0.515703
0.215914
0.446146
0.682647
0.0454566
0.542866
0.157638
0.205259
0.318815
0.701602
0.473613
0.184694
0.363597
0.914471
0.490614
0.0367429
0.509451
0.917486
0.805603
0.466301
0.320471
0.634572
0.37789
0.0409982
0.0108234
0.59444
0.246567
0.966577
0.204145
0.558761
0.188195
0.719849
0.774676
0.634341
0.402496
0.820132
0.177207
0.560134
0.0253912
0.496022
0.261736
0.499004
0.680716
0.625333
0.413475
0.17133
0.662076
0.922927
0.088816
0.467678
0.389227
0.409287
0.10225
0.767118
0.450285
0.113073
0.361558
0.696852
0.0796502
0.565703
0.255613
0.267845
0.285552
0.0302892
0.902186
0.688048
0.850421
0.0793932
0.248181
0.875813
0.575416
0.509917
0.374817
0.256131
0.13525
0.788292
0.427462
0.797325
0.711219
0.516278
0.265003
0.100446
0.925565
0.367253
0.867564
0.37585
0.480327
0.229121
0.0727022
0.559977
0.794824
0.328316
0.827822
0.080376
0.358605
0.730008
0.768424
0.209026
0.809402
0.0166051
0.0848389
0.384817
0.526522
0.459656
0.640949
0.661772
0.247947
0.0684103
0.459097
0.959166
0.584688
0.7241
0.059612
0.510253
0.0913536
0.927176
0.886103
0.57168
0.156297
0.958805
0.131657
0.951121
0.287121
0.959479
0.0314971
0.645726
0.689487
0.799921
0.854752
0.498889
0.816526
0.939591
0.883706
0.343048
0.399247
0.524654
0.00482017
0.647194
0.593065
0.463917
0.60636
0.177753
0.188018
0.665972
0.688006
0.279371
0.593148
0.574109
0.851052
0.749445
0.532914
0.982709
0.700566
0.820036
0.942187
0.732063
0.465762
0.631675
0.531984
0.320514
0.130564
0.34851
0.260105
0.0142694
0.691558
0.659352
0.538924
0.696378
0.306546
0.131989
0.160295
0.912906
0.309741
0.348313
0.578878
0.997747
0.627685
0.172026
0.571856
0.478736
0.92147
0.10477
0.461445
0.622036
0.924806
0.403632
0.354099
0.390568
0.0353069
0.886083
0.711081
0.16587
0.234593
0.971186
0.18014
0.926151
0.630538
0.719064
0.622529
0.937084
0.851052
0.782824
0.84999
0.160793
0.131137
0.428868
0.158541
0.758822
0.600893
0.730397
0.237558
0.522364
0.835167
0.699003
0.1444
0.759973
0.102635
0.498499
0.150541
0.137942
0.384582
0.861622
0.303812
0.619175
0.832808
0.483952
0.545325
0.463346
0.203016
0.167854
0.40043
0.054068
0.950678
0.250419
0.214862
0.0818156
0.679287
0.373402
0.840637
0.28018
0.103799
0.0781956
0.802544
0.938966
0.777198
0.946944
0.698939
0.879833
0.445443
0.849479
0.0177754
0.830026
0.711101
0.321588
0.4492
0.543909
0.80554
0.994526
0.00725563
0.00855573
0.16238
0.407686
0.0626238
0.113058
0.658105
0.277485
0.194874
0.337392
0.650887
0.0355112
0.617572
0.754686
0.113707
0.420116
0.693651
0.890905
0.367061
0.39259
0.770739
0.812504
0.242069
0.788514
0.64253
0.95317
0.110102
0.0917301
0.49708
0.915642
0.0862559
0.504335
0.924197
0.248636
0.912021
0.986821
0.361694
0.570126
0.264307
0.556568
0.907517
0.915194
0.592079
0.52509
0.66988
0.705786
0.945206
0.363531
0.596691
0.312267
0.756121
0.36743
0.124771
0.99819
0.155944
0.7673
0.95136
0.266046
0.85903
0.44844
0.181687
0.945286
0.952775
0.105885
0.193922
0.864796
0.0927061
0.555616
0.434922
0.357013
0.112184
0.342439
0.272207
0.704262
0.867529
0.942086
0.410048
0.812735
0.305617
0.00673893
0.125001
0.0617386
0.374169
0.249772
0.0599289
0.530112
0.017072
0.0112893
0.796158
0.876102
0.459729
0.977846
0.821388
0.412505
0.0837304
0.0153104
0.2773
0.176437
0.570926
0.712222
0.533449
0.68311
0.0546609
0.805656
0.387372
0.922189
0.747742
0.79742
0.734924
0.0533595
0.804159
0.859925
0.115098
0.178328
0.109697
0.175027
0.70844
0.126769
0.186316
0.504598
0.00287139
0.646046
0.482444
0.82426
0.0585501
0.566174
0.83957
0.33585
0.742611
0.410497
0.0480724
0.27606
0.0936065
0.102733
0.0817158
0.480979
0.0249227
0.829458
0.278399
0.759847
0.882817
0.0825581
0.619772
0.997915
0.260886
0.729469
0.172942
0.969326
0.856238
0.359258
0.473925
0.85911
0.00530405
0.956368
0.68337
0.0638541
0.522543
0.52294
0.399705
0.265154
0.933436
0.447777
0.541214
0.0270429
0.55051
0.622929
0.508022
0.575433
0.452387
0.786421
0.33528
0.335204
0.868979
0.955052
0.33312
0.129865
0.684521
0.506062
0.0991908
0.54076
0.86532
0.573115
0.399869
0.870625
0.529484
0.0832388
0.934479
0.0520265
0.606179
0.334183
0.31718
0.539615
0.78196
0.858394
0.566658
0.33247
0.481323
0.0746794
0.907903
0.93371
0.8611
0.243183
0.268915
0.730079
0.198235
0.602034
0.859943
0.882756
0.108096
0.959134
0.423516
0.973417
0.532249
0.823385
0.844042
0.0617331
0.906624
0.77852
0.11376
0.512803
0.112703
0.43094
0.0524175
0.894664
0.289333
0.619075
0.227134
0.770656
0.693755
0.135038
0.704367
0.554855
0.378221
0.973281
0.284933
0.576456
0.575316
0.144877
0.459213
0.683412
0.104011
0.882729
0.656829
0.63626
0.706114
0.500871
0.697993
0.612738
0.279391
0.811753
0.12554
0.392095
0.242692
0.177958
0.286758
0.532025
0.797033
0.513893
0.302682
0.490788
0.64893
0.00704858
0.0456426
0.0271511
0.98033
0.330576
0.603607
0.555646
0.475452
0.0628199
0.239058
0.579463
0.945548
0.895888
0.215723
0.651662
0.396759
0.913716
0.2644
0.67615
0.725468
0.38994
0.0682446
0.968161
0.567897
0.355003
0.500186
0.364931
0.868895
0.802868
0.855718
0.517826
0.809917
0.901361
0.544977
0.790247
0.231937
0.148584
0.345893
0.707389
0.211404
0.584951
0.286852
0.156952
0.480839
0.502575
0.808615
0.877598
0.416291
0.0730143
0.553748
0.14176
0.462954
0.621992
0.10992
0.0308516
0.976995
0.610106
0.395782
0.845891
0.412975
0.2515
0.363716
0.222891
0.152861
0.908693
0.0131379
0.384798
0.0572772
0.359031
0.0921874
0.268681
0.943982
0.37904
0.425634
0.42482
0.881615
0.234248
0.302418
0.297906
0.307262
0.856166
0.439665
0.770217
0.478158
0.549586
0.801068
0.455153
0.159692
0.19685
0.301044
0.572667
0.448351
0.66476
0.795558
0.601212
0.573453
0.808696
0.98601
0.63073
0.167726
0.0781975
0.899412
0.111708
0.457237
0.325045
0.536528
0.338852
0.559293
0.838946
0.636758
0.866556
0.695112
0.0764234
0.636772
0.17327
0.626009
0.437841
0.628423
0.785701
0.634691
0.929467
0.358368
0.0830413
0.594227
0.153926
0.684253
0.16768
0.962622
0.670263
0.79841
0.130348
0.748461
0.697822
0.242056
0.205698
0.0228671
0.778584
0.54455
0.582161
0.61753
0.181308
0.448717
0.312642
0.257731
0.085489
0.485912
0.883741
0.523329
0.114335
0.669442
0.15802
0.0438017
0.0278101
0.241062
0.638028
0.181736
0.925315
0.805708
0.144358
0.595578
0.604118
0.274706
0.344039
0.30194
0.516762
0.549737
0.324807
0.295346
0.0942872
0.906968
0.912877
0.275595
0.355684
0.225519
0.533327
0.441173
0.711431
0.417067
0.964503
0.825766
0.0865092
0.122523
0.869568
0.114319
0.363585
0.507596
0.296055
0.288899
0.313305
0.440413
0.884478
0.917423
0.715119
0.228517
0.219363
0.231881
0.778254
0.54417
0.527227
0.872541
0.451138
0.440104
0.148136
0.806823
0.665623
0.681463
0.247996
0.377054
0.0985302
0.212499
0.20282
0.185039
0.335022
0.0723883
0.299359
0.698607
0.579985
0.595414
0.987506
0.893289
0.0358273
0.871984
0.810712
0.750947
0.100501
0.0300751
0.982828
0.878755
0.574246
0.510055
0.751296
0.025384
0.950159
0.899432
0.832207
0.615782
0.580895
0.0802032
0.992836
0.679425
0.292702
0.195656
0.864465
0.627725
0.268045
0.163823
0.326332
0.848029
0.759237
0.313838
0.741318
0.795065
0.185822
0.55203
0.546011
0.286323
0.582106
0.528839
0.165078
0.156351
0.0388944
0.916373
0.181735
0.989054
0.815806
0.013942
0.604836
0.396701
0.0941452
0.597672
0.0761263
0.386848
0.793328
0.940591
0.0145723
0.0613728
0.104414
0.340904
0.909402
0.863652
0.654742
0.650721
0.658716
0.840564
0.202751
0.204728
0.126887
0.784857
0.733567
0.291965
0.941208
0.772461
0.208338
0.122943
0.761515
0.0241438
0.136885
0.36635
0.420845
0.23103
0.964022
0.496971
0.617878
0.75735
0.437562
0.63245
0.818723
0.541977
0.973354
0.728125
0.405628
0.628096
0.378845
0.0643446
0.46866
0.581596
0.269072
0.595547
0.366453
0.0026388
0.887511
0.307661
0.7751
0.0958494
0.430603
0.536614
0.119993
0.567488
0.902965
0.540838
0.798518
0.866986
0.0378089
0.416396
0.624336
0.475371
0.0488461
0.443059
0.0173476
0.0221999
0.171184
0.422976
0.650296
0.550029
0.48732
0.118955
0.131626
0.756393
0.714502
0.498079
0.759031
0.602013
0.805739
0.534131
0.697863
0.236343
0.0707456
0.817856
0.803831
0.97371
0.358694
0.60235
0.840697
0.396503
0.0187457
0.465033
0.871874
0.0675917
0.908092
0.889221
0.0897916
0.0792765
0.312197
0.740087
0.629306
0.799518
0.859043
0.760932
0.55591
0.573545
0.25901
0.314942
0.175558
0.0647497
0.849073
0.873421
0.301092
0.919819
0.691277
0.104923
0.893529
0.0499706
0.707273
0.734225
0.446473
0.726019
0.199259
0.318347
0.79361
0.107351
0.207568
0.883402
0.186627
0.519765
0.623489
0.815933
0.319283
0.482532
0.576865
0.875193
0.0560766
0.835875
0.190134
0.231635
0.900625
0.0392073
0.105056
0.201718
0.959026
0.796332
0.306641
0.852555
0.846303
0.0139141
0.58678
0.292776
0.739933
0.786038
0.611123
0.533543
0.893389
0.818691
0.416945
0.0800167
0.338456
0.0404347
0.89595
0.657739
0.522967
0.472815
0.532931
0.579043
0.308691
0.723066
0.810678
0.209316
0.762273
0.915734
0.411033
0.721299
0.712066
0.717674
0.573853
0.558369
0.731589
0.160633
0.851146
0.471521
0.946672
0.462269
0.00506464
0.840061
0.28096
0.42201
0.920078
0.619416
0.462445
0.816028
0.277154
0.985411
0.288843
0.810086
0.564455
0.597534
0.533151
0.375133
0.80685
0.295425
0.290866
0.217883
0.0167234
0.00293257
0.935557
0.590577
0.561302
0.667146
0.75121
0.412447
0.138667
0.697882
0.874716
0.143732
0.537943
0.155676
0.565742
0.458021
0.775091
0.0281866
0.274049
0.0522456
0.0135979
0.562892
0.862331
0.578052
0.160426
0.395483
0.953185
0.967275
0.690907
0.244051
0.185158
0.707631
0.246984
0.120716
0.298208
0.808286
0.787862
0.0494179
0.220733
0.926529
0.7473
0.0954492
0.0702606
0.285243
0.251125
0.636003
0.743264
0.026216
0.664189
0.017313
0.0784615
0.677787
0.580205
0.940793
0.255839
0.740631
0.336275
0.209024
0.707906
0.0271827
0.453076
0.893065
0.734813
0.70006
0.0137802
0.033021
0.508346
0.801642
0.0824389
0.729079
0.728171
0.829739
0.824528
0.798431
0.114982
0.0756528
0.434434
0.858246
0.101869
0.0986228
0.875559
0.18033
0.77641
0.455764
0.121123
0.0322492
0.196395
0.457399
0.241274
0.904301
0.484581
0.69435
0.797365
0.219395
0.394409
0.811145
0.252416
0.902755
0.612787
0.334855
0.631834
0.340958
0.164593
0.456362
0.139389
0.279575
0.532015
0.573823
0.137821
0.633884
0.672445
0.0133798
0.814214
0.448855
0.469144
0.935337
0.481104
0.665538
0.392736
0.722378
0.569839
0.877317
0.416727
0.367204
0.096712
0.811137
0.178349
0.349128
0.713892
0.791137
0.683982
0.345726
0.132094
0.848576
0.802088
0.271483
0.128151
0.334103
0.845306
0.265972
0.967987
0.517751
0.279352
0.782201
0.966606
0.748495
0.717539
0.447711
0.414033
0.110275
0.170089
0.983872
0.987592
0.586816
0.351076
0.0843037
0.397953
0.529425
0.433431
0.111845
0.320562
0.117414
0.457571
0.452656
0.96599
0.25966
0.72414
0.0941407
0.593763
0.569446
0.360113
0.56175
0.087197
0.639464
0.343952
0.0538034
0.38796
0.0614902
0.501514
0.801993
0.171765
0.671603
0.785865
0.159356
0.258419
0.136941
0.24366
0.656372
0.666367
0.677092
0.768217
0.986929
0.794506
0.225788
0.439585
0.760495
0.485448
0.163725
0.854636
0.0792107
0.733171
0.214749
0.640961
0.820368
0.854213
0.984913
0.874171
0.242173
0.0464027
0.375685
0.0441658
0.218167
0.047288
0.830031
0.377524
0.305707
0.966972
0.621184
0.962079
0.633338
0.298276
0.730295
0.620267
0.0927815
0.956084
0.0598523
0.853277
0.441531
0.223577
0.707913
0.520742
0.956748
0.922661
0.161703
0.777116
0.776874
0.146616
0.651287
0.0190472
0.193018
0.0269721
0.063213
0.411186
0.0742601
0.893244
0.78871
0.379967
0.860216
0.409894
0.342046
0.493554
0.70817
0.072341
0.113821
0.800951
0.0284246
0.173674
0.654228
0.469956
0.397251
0.362141
0.990698
0.353999
0.284802
0.152401
0.131115
0.0616767
0.299017
0.782402
0.080724
0.492035
0.809374
0.143937
0.903221
0.883634
0.0371808
0.69193
0.263601
0.897397
0.101824
0.605646
0.390951
0.809994
0.677987
0.504772
0.610946
0.706412
0.678446
0.265174
0.176368
0.075697
0.627315
0.167066
0.429696
0.912117
0.319467
0.560811
0.973794
0.618484
0.343212
0.0545175
0.110519
0.152586
0.198454
0.0137392
0.0362196
0.235635
0.70567
0.29982
0.133032
0.807494
0.905467
0.523983
0.617488
0.583454
0.0287549
0.228434
0.289866
0.707201
0.493608
0.466233
0.782898
0.120922
0.633299
0.212594
0.033039
0.952766
0.773405
0.00683259
0.57125
0.116617
0.0613501
0.681768
0.269203
0.259805
0.695508
0.305422
0.49544
0.401177
0.605242
0.628472
0.208671
0.510709
0.152454
0.82616
0.0941628
0.181209
0.0545937
0.384028
0.88841
0.548201
0.850262
0.671308
0.669124
0.483561
0.883902
0.702163
0.436328
0.657307
0.708995
0.00757739
0.773923
0.770345
0.689346
0.0431258
0.0301499
0.384853
0.348548
0.52559
0.786031
0.95379
0.154062
0.994702
0.464499
0.306516
0.820862
0.558662
0.487725
0.875456
0.942691
0.376136
0.423657
0.792953
0.0474438
0.0927806
0.276514
0.931346
0.794943
0.712841
0.588652
0.503938
0.720419
0.362576
0.274284
0.409765
0.405701
0.304434
0.794618
0.754249
0.830023
0.580649
0.70804
0.984085
0.575351
0.172539
0.290601
0.396213
0.731201
0.778326
0.271669
0.673892
0.154462
0.695326
0.466844
0.201906
0.788106
0.743358
0.133252
0.58305
0.4562
0.721904
0.086988
0.176618
0.0844796
0.361272
0.586383
0.490181
0.665705
0.381001
0.24443
0.495729
0.96165
0.95247
0.479814
0.537001
0.125009
0.770415
0.933214
0.85621
0.548742
0.204882
0.530102
0.703204
0.900208
0.996946
0.90511
0.688314
0.740304
0.0383612
0.271364
0.196504
0.760265
0.358352
0.373122
0.844745
0.719624
0.959505
0.334926
0.385329
0.340506
0.579356
0.881058
0.302156
0.531826
0.360872
0.839156
0.656834
0.131287
0.77237
0.513044
0.680029
0.977252
0.0431458
0.383232
0.87746
0.0400918
0.288342
0.565775
0.780396
0.326703
0.837139
0.9769
0.0869685
0.195491
0.350022
0.931713
0.915115
0.309527
0.266639
0.300444
0.650033
0.845995
0.181502
0.952189
0.37782
0.542374
0.791345
0.0346546
0.673661
0.563715
0.547699
0.35369
0.540967
0.590845
0.736922
0.418427
0.630936
0.0252642
0.984202
0.411332
0.351967
0.821341
0.388232
0.438936
0.0168319
0.738254
0.370649
0.931946
0.0477811
0.637288
0.23239
0.697814
0.483283
0.413892
0.650003
0.861103
0.956266
0.441347
0.895758
0.629927
0.00506209
0.443456
0.983616
0.546029
0.0343011
0.720539
0.964457
0.665237
0.745803
0.948659
0.0765698
0.0977701
0.77
0.464802
0.536706
0.786832
0.203056
0.907355
0.718778
0.250837
0.544643
0.951168
0.948651
0.0279257
0.36506
0.598654
0.889029
0.321326
0.0400012
0.784786
0.951253
0.0450633
0.228243
0.934869
0.591092
0.262544
0.655408
0.555549
0.927781
0.401211
0.504208
0.00435109
0.498981
0.274207
0.469153
0.0356868
0.0610391
0.672209
0.943042
0.779817
0.923046
0.487685
0.730986
0.871698
0.515611
0.0960461
0.470352
0.404639
0.417372
0.510353
0.189426
0.368625
0.555416
0.417668
0.303495
0.146508
0.680212
0.958903
0.702057
0.607994
0.360113
0.206265
0.612345
0.859094
0.480472
0.0814977
0.894781
0.541512
0.753707
0.837823
0.321329
0.676753
0.325508
0.0523146
0.548451
0.841118
0.148361
0.0188027
0.245758
0.565733
0.529155
0.435183
0.934358
0.0845714
0.852852
0.237853
0.23108
0.533064
0.196755
0.933137
0.141058
0.556868
0.139402
0.753402
0.415962
0.619875
0.8349
0.310743
0.161386
0.588607
0.148566
0.482715
0.26536
0.474074
0.53503
0.813811
0.315192
0.68339
0.832614
0.56095
0.249123
0.36177
0.996134
0.183481
0.446341
0.848986
0.421334
0.677421
0.38205
0.618089
0.610558
0.523108
0.174957
0.74996
0.27651
0.59092
0.369835
0.11141
0.901663
0.531221
0.700017
0.0502293
0.0139358
0.965377
0.524303
0.548965
0.779189
0.839496
0.232356
0.611803
0.400446
0.481479
0.973573
0.39658
0.66496
0.419914
0.245565
0.0862937
0.0973344
0.627615
0.704383
0.707892
0.150723
0.87934
0.457852
0.427233
0.47026
0.827687
0.538643
0.371923
0.358908
0.23866
0.422152
0.372844
0.204037
0.946455
0.921809
0.983226
0.785951
0.154165
0.595029
0.186397
0.635643
0.568602
0.582977
0.300603
0.988516
0.828542
0.386897
0.0858499
0.456157
0.0912796
0.793742
0.60688
0.97062
0.251595
0.034113
0.440879
0.0792818
0.572756
0.812802
0.43819
0.811416
0.234954
0.811033
0.0154534
0.181409
0.732843
0.99868
0.96736
0.887007
0.593709
0.153757
0.522651
0.162311
0.736734
0.823254
0.150827
0.565276
0.210151
0.236677
0.0214332
0.301431
0.030419
0.628313
0.27205
0.282014
0.662426
0.712929
0.361296
0.235182
0.525731
0.799485
0.0465983
0.760685
0.610519
0.0620517
0.942095
0.343361
0.0607315
0.909455
0.230369
0.654441
0.063212
0.753019
0.816752
0.799946
0.576273
0.967579
0.365222
0.786424
0.204256
0.386655
0.0878548
0.234675
0.0149683
0.359905
0.516688
0.677395
0.0728342
0.877984
0.912577
0.598565
0.677469
0.959175
0.359251
0.287988
0.0212272
0.301345
0.631349
0.0819587
0.2108
0.861718
0.736399
0.274012
0.614737
0.553151
0.0739579
0.19101
0.52073
0.43918
0.977435
0.724986
0.825835
0.0652894
0.95966
0.840803
0.425194
0.476349
0.518198
0.498029
0.354332
0.430775
0.096594
0.0318016
0.38995
0.455845
0.31979
0.411177
0.75719
0.951139
0.493136
0.96799
0.812857
0.229535
0.242002
0.427594
0.782687
0.31596
0.618604
0.303417
0.75514
0.596039
0.0284027
0.580974
0.661328
0.988063
0.421777
0.0865225
0.464412
0.939975
0.584551
0.818744
0.37075
0.681145
0.850546
0.7607
0.13699
0.170335
0.171877
0.89418
0.121474
0.665013
0.86217
0.934331
0.894549
0.104172
0.361925
0.677235
0.420132
0.980529
0.980652
0.175272
0.576568
0.00905517
0.756246
0.237896
0.997118
0.178024
0.324418
0.46153
0.117999
0.90897
0.280274
0.488748
0.590115
0.13082
0.249448
0.727105
0.301155
0.421325
0.621285
0.422629
0.0863384
0.483455
0.35696
0.980887
0.587627
0.718885
0.658122
0.00775892
0.699413
0.638775
0.183031
0.275981
0.64783
0.939277
0.513877
0.644948
0.117301
0.838296
0.106478
0.235299
0.747265
0.386752
0.724048
0.33738
0.517572
0.973496
0.0644844
0.818727
0.394821
0.685769
0.241356
0.481159
0.169223
0.598315
0.462046
0.75685
0.3172
0.120169
0.764609
0.0166133
0.758944
0.94764
0.292594
0.406774
0.886917
0.806471
0.051722
0.00421796
0.644767
0.1582
0.239517
0.392032
0.544952
0.963565
0.729412
0.0625237
0.937061
0.793896
0.88125
0.331882
0.479665
0.122606
0.813041
0.648889
0.720921
0.275087
0.405739
0.038121
0.395256
0.170348
0.0547343
0.1542
0.117988
0.347329
0.560974
0.00490528
0.1538
0.612696
0.00912323
0.798567
0.770896
0.248641
0.190599
0.315848
0.212205
0.920011
0.378372
0.149266
0.713908
0.259622
0.481148
0.193573
0.382228
0.294189
0.842462
0.103149
0.569276
0.248201
0.14127
0.964532
0.418549
0.196004
0.118732
0.536537
0.543333
0.679706
0.541443
0.697133
0.292402
0.550566
0.4957
0.0632981
0.799206
0.6863
0.379146
0.0114119
0.606311
0.757518
0.160678
0.320219
0.0171396
0.641826
0.513792
0.399367
0.936014
0.356254
0.502516
0.50529
0.604456
0.643786
0.469823
0.0230049
0.83979
0.588555
0.559542
0.383123
0.268262
0.100985
0.0802561
0.560664
0.651551
0.575956
0.623962
0.450757
0.262256
0.00310778
0.462169
0.868568
0.760626
0.622847
0.188787
0.777765
0.264673
0.702579
0.177132
0.200687
0.0588337
0.679648
0.705977
0.663289
0.323434
0.1758
0.686294
0.163224
0.764355
0.245836
0.546347
0.0326167
0.346821
0.626603
0.59328
0.998372
0.20256
0.217242
0.449129
0.464816
0.22035
0.911298
0.333384
0.980975
0.534145
0.522171
0.75874
0.798818
0.22475
0.935873
0.999505
0.283583
0.615521
0.705482
0.946873
0.938956
0.881282
0.633167
0.10218
0.645637
0.879003
0.648527
0.678254
0.225825
0.275131
0.271534
0.224197
0.477691
0.488776
0.673326
0.942507
0.709126
0.584625
0.275891
0.690101
0.11877
0.798061
0.448842
0.917588
0.022811
0.384715
0.917093
0.306395
0.00023614
0.622575
0.253267
0.939192
0.503857
0.886434
0.0413719
0.149494
0.765438
0.689899
0.827748
0.991262
0.96503
0.0992819
0.215459
0.442721
0.588058
0.888785
0.385227
0.297184
0.47341
0.661118
0.987285
0.59218
0.459179
0.436127
0.509768
0.48199
0.820842
0.426861
0.788385
0.821078
0.0494362
0.0416523
0.76027
0.553293
0.928087
0.801642
0.702787
0.693524
0.491541
0.530535
0.684787
0.456571
0.629817
0.900246
0.899292
0.217875
0.789031
0.28452
0.515059
0.262441
0.945638
0.502345
0.854622
0.404817
0.938472
0.36439
0.886807
0.759314
0.791251
0.675192
0.580392
0.840687
0.716845
0.340662
0.39398
0.644931
0.142304
0.0967678
0.338455
0.633845
0.627303
0.0232421
0.0904166
0.25712
0.923488
0.989709
0.474995
0.71252
0.274228
0.990054
0.974961
0.219866
0.492399
0.829583
0.624683
0.430871
0.193972
0.51149
0.190185
0.985223
0.186683
0.770577
0.825911
0.903527
0.111239
0.219891
0.548458
0.253543
0.316659
0.886914
0.887388
0.943962
0.910156
0.977805
0.201082
0.833644
0.967513
0.676077
0.546164
0.241742
0.666131
0.521125
0.461607
0.15853
0.350707
0.08629
0.589401
0.54468
0.59778
0.779586
0.529903
0.784463
0.550163
0.355813
0.68799
0.661402
0.575704
0.236448
0.914945
0.892363
0.123362
0.802333
0.836325
0.033518
0.780137
0.0374066
0.867162
0.747651
0.713484
0.413326
0.989392
0.379615
0.93445
0.451
0.538145
0.285157
0.53729
0.127547
0.829837
0.13507
0.907133
0.35974
0.919533
0.457296
0.715553
0.607522
0.118697
0.291258
0.843971
0.0336418
0.183621
0.967333
0.835974
0.0199456
0.000850781
0.616112
0.0573523
0.868013
0.363763
0.770836
0.281338
0.353155
0.150451
0.215788
0.804154
0.688596
0.500946
0.341444
0.816143
0.330782
0.476514
0.723276
0.690522
0.396047
0.180571
0.406075
0.00356899
0.299268
0.697333
0.84754
0.33291
0.880953
0.814873
0.168885
0.900899
0.815723
0.784997
0.958251
0.683736
0.148759
0.729087
0.965074
0.501914
0.879538
0.180863
0.306069
0.568134
0.681808
0.647513
0.384277
0.0125907
0.124027
0.107553
0.703113
0.520073
0.288124
0.109188
0.523642
0.587392
0.80652
0.371182
0.920303
0.687474
0.186054
0.0891874
0.588373
0.00177773
0.874184
0.546624
0.685514
0.0229433
0.275711
0.650588
0.524857
0.155249
0.831451
0.830926
0.723383
0.513259
0.478439
0.10766
0.52585
0.602465
0.215213
0.228963
0.122539
0.503337
0.338151
0.646181
0.0907295
0.144671
0.0173625
0.0110322
0.832145
0.203417
0.10022
0.420518
0.205195
0.974404
0.967142
0.890708
0.997347
0.242853
0.541297
0.522204
0.398102
0.372748
0.35313
0.121485
0.886007
0.831569
0.229146
0.411857
0.434035
0.444359
0.64082
0.556573
0.947696
0.978971
0.202754
0.0384254
0.123642
0.220116
0.0494576
0.955786
0.423533
0.149677
0.376304
0.628728
0.124081
0.343446
0.519436
0.121428
0.586299
0.0607329
0.643632
0.984401
0.433481
0.996763
0.105886
0.319488
0.828332
0.335032
0.731345
0.262366
0.77939
0.372165
0.818939
0.727086
0.351136
0.0216929
0.765512
0.474777
0.241809
0.814969
0.430564
0.665342
0.964647
0.806868
0.29407
0.0887274
0.150314
0.813506
0.210155
0.736612
0.874239
0.853787
0.721013
0.30772
0.85055
0.826899
0.627208
0.678881
0.16193
0.358553
0.941248
0.941321
0.730718
0.760187
0.668407
0.0818534
0.78188
0.433919
0.556631
0.023689
0.248888
0.987195
0.689031
0.213535
0.794063
0.983101
0.302262
0.944376
0.796607
0.512417
0.680989
0.670846
0.366205
0.402001
0.978566
0.216754
0.2289
0.605774
0.895636
0.39083
0.964327
0.836883
0.332151
0.695044
0.59707
0.000557644
0.776898
0.37895
0.434476
0.333528
0.402639
0.683365
0.320723
0.0916705
0.896899
0.114785
0.0747717
0.199161
0.0591617
0.871379
0.711579
0.74015
0.542226
0.0777833
0.142152
0.520792
0.294538
0.371052
0.126566
0.190173
0.761882
0.0908923
0.0270569
0.0940324
0.785937
0.624127
0.0945901
0.562834
0.00307752
0.529066
0.896362
0.405717
0.212431
0.217085
0.497387
0.10933
0.331871
0.572159
0.308492
0.391032
0.443538
0.0200706
0.131183
0.985764
0.0978539
0.273334
0.506556
0.392392
0.644386
0.633121
0.582565
0.406268
0.724014
0.609622
0.5003
0.50995
0.233749
0.59489
0.0727844
0.236827
0.123956
0.969147
0.642543
0.336388
0.186232
0.139931
0.445718
0.518103
0.71209
0.75421
0.909135
0.155628
0.77428
0.0403179
0.141392
0.872134
0.313652
0.647948
0.264526
0.958038
0.281069
0.847091
0.364305
0.00508278
0.456713
0.864605
0.515033
0.690462
0.459495
0.587817
0.927288
0.583452
0.556964
0.569832
0.919839
0.743196
0.709762
0.365557
0.261299
0.421852
0.119767
0.170435
0.57748
0.894047
0.210753
0.718872
0.766182
0.524405
0.36682
0.0307073
0.482443
0.647889
0.877798
0.846748
0.652971
0.334511
0.711354
0.168004
0.0249722
0.170849
0.755822
0.95226
0.754301
0.312786
0.522092
0.674141
0.0559827
0.231854
0.0396979
0.317282
0.653707
0.159465
0.487717
0.231187
0.0535123
0.698469
0.950059
0.819694
0.222874
0.316879
0.850401
0.705317
0.964767
0.728199
0.552065
0.617739
0.0627098
0.263418
0.785743
0.0876821
0.434267
0.541565
0.0399425
0.188568
0.854351
0.562035
0.862709
0.910334
0.793889
0.902407
0.227616
0.447596
0.0618719
0.715333
0.678783
0.115384
0.413802
0.628842
0.935078
0.636676
0.94572
0.785479
0.341993
0.910488
0.513679
0.894057
0.528226
0.576388
0.157476
0.31397
0.66407
0.591743
0.855535
0.704013
0.780312
0.709886
0.266048
0.643021
0.62022
0.0599366
0.545428
0.847836
0.507532
0.607299
0.563169
0.186315
0.722684
0.976971
0.815157
0.657762
0.613647
0.760877
0.443241
0.95564
0.671365
0.95692
0.849697
0.199591
0.533308
0.00717278
0.513561
0.197379
0.598916
0.369095
0.901391
0.379228
0.0789815
0.167439
0.0222483
0.699202
0.227376
0.567676
0.547038
0.734908
0.174975
0.110207
0.921223
0.897659
0.0871781
0.73638
0.55542
0.700825
0.497257
0.998661
0.656465
0.168622
0.955581
0.506162
0.368213
0.488889
0.513335
0.881774
0.686268
0.112251
0.250869
0.587659
0.491478
0.329851
0.755098
0.513726
0.0290522
0.982474
0.0814023
0.57609
0.717382
0.256377
0.686297
0.638604
0.154036
0.773475
0.374984
0.709457
0.4743
0.872241
0.708118
0.130765
0.0408625
0.663699
0.636927
0.409075
0.152588
0.150262
0.290849
0.838856
0.262512
0.541718
0.426515
0.75399
0.871569
0.181613
0.267717
0.900621
0.164087
0.349119
0.476711
0.881468
0.605497
0.163008
0.520073
0.759533
0.936483
0.895057
0.46899
0.410784
0.767298
0.177108
0.541549
0.80816
0.840807
0.178476
0.217236
0.993395
0.328738
0.508085
0.832251
0.59125
0.0498026
0.258766
0.34524
0.921371
0.440379
0.612957
0.821992
0.604466
0.962077
0.298703
0.485934
0.567573
0.461711
0.00600736
0.327106
0.398195
0.901064
0.796096
0.808978
0.668362
0.973203
0.350528
0.476523
0.81401
0.529004
0.693758
0.807405
0.857741
0.201843
0.639656
0.448991
0.251645
0.898423
0.794232
0.173017
0.338802
0.407189
0.995009
0.943268
0.369266
0.293712
0.429202
0.936839
0.755423
0.43521
0.263945
0.153618
0.336274
0.0600411
0.962596
0.00463638
0.0332443
0.313124
0.481159
0.847254
0.842127
0.174917
0.65466
0.699869
0.37676
0.294316
0.14886
0.628406
0.192739
0.943092
0.801422
0.531541
0.350282
0.796431
0.474809
0.719548
0.0901425
0.904011
0.656387
0.845565
0.339221
0.920332
0.999183
0.675495
0.980373
0.961779
0.680132
0.0136177
0.274902
0.161291
0.860872
0.11703
0.336208
0.515532
0.816898
0.712968
0.809848
0.965759
0.341373
0.00258704
0.908851
0.142795
0.534128
0.259132
0.939226
0.00893656
0.97868
0.0293689
0.912948
0.635067
0.874934
0.252169
0.555399
0.874117
0.927664
0.535772
0.835896
0.607796
0.54939
0.110799
0.769087
0.410262
0.227828
0.105294
0.925794
0.0447267
0.818262
0.735642
0.0104853
0.159635
0.738229
0.919336
0.302431
0.272357
0.178468
0.241657
0.281294
0.157148
0.271026
0.194241
0.792215
0.14596
0.44641
0.347614
0.0200775
0.374075
0.883386
0.855974
0.981871
0.432776
0.966772
0.750957
0.843039
0.1946
0.856251
0.768833
0.239327
0.674514
0.504475
0.249812
0.834149
0.242704
0.169148
0.13658
0.515061
0.347617
0.378237
0.796355
0.504765
0.649263
0.990597
0.29698
0.795224
0.437007
0.644594
0.815301
0.811082
0.527981
0.671275
0.792952
0.960757
0.638047
0.543909
0.803796
0.832647
0.400161
0.572629
0.0719743
0.0746744
0.0771036
0.321787
0.908823
0.319808
0.490935
0.0454033
0.834869
0.838552
0.42364
0.631224
0.343317
0.0729036
0.621821
0.640297
0.868127
0.058828
0.284891
0.683428
0.86991
0.812872
0.354703
0.662862
0.773629
0.99275
0.206771
0.577425
0.825397
0.606932
0.150053
0.897371
0.681607
0.227157
0.219158
0.59043
0.546965
0.710093
0.635833
0.381834
0.548645
0.0594737
0.0130586
0.891962
0.132377
0.63488
0.532259
0.000504547
0.693708
0.81715
0.683933
0.563617
0.630022
0.0386358
0.226479
0.403651
0.0313856
0.433251
0.981076
0.856783
0.0401831
0.131129
0.754154
0.72179
0.358286
0.973312
0.31222
0.905251
0.683405
0.948053
0.287086
0.232049
0.00752692
0.300144
0.124011
0.139904
0.935024
0.65627
0.140409
0.628731
0.47342
0.824342
0.192349
0.103441
0.862977
0.418828
0.507092
0.894363
0.852079
0.488168
0.751146
0.892262
0.619298
0.5053
0.614052
0.977584
0.478612
0.926272
0.882835
0.162016
0.874325
0.169921
0.394066
0.881852
0.470065
0.518077
0.0217563
0.405089
0.174346
0.162165
0.0338202
0.647766
0.986507
0.226169
0.751207
0.849484
0.644997
0.258299
0.743847
0.497076
0.746468
0.494993
0.389338
0.365765
0.000292745
0.00339042
0.343349
0.478904
0.929662
0.226184
0.64092
0.803987
0.396105
0.0349861
0.685839
0.86617
0.553063
0.707596
0.271259
0.727409
0.869761
0.305079
0.375175
0.856267
0.531248
0.126382
0.705752
0.176245
0.384682
0.449599
0.673321
0.131149
0.944592
0.0626599
0.496914
0.944885
0.0660503
0.840263
0.423789
0.995713
0.0664477
0.0647095
0.7997
0.462553
0.0996957
0.485539
0.328723
0.652758
0.193135
0.599982
0.380168
0.0628958
0.905061
0.755343
0.919163
0.436309
0.881725
0.624915
0.612554
0.266406
0.0745139
0.285876
0.397555
0.019106
0.348536
0.89447
0.963991
0.414586
0.734733
0.38778
0.410298
0.801181
0.452489
0.209998
0.263734
0.552185
0.695538
0.592457
0.204944
0.888673
0.192439
0.585111
0.951569
0.0974995
0.340454
0.870732
0.533808
0.222178
0.495647
0.146363
0.488585
0.570161
0.432238
0.88614
0.589267
0.780774
0.78061
0.553258
0.19536
0.515343
0.941037
0.605658
0.316523
0.393527
0.815656
0.580257
0.945712
0.511194
0.172713
0.150655
0.399867
0.365152
0.735767
0.351436
0.462651
0.0762203
0.222167
0.99646
0.298399
0.717814
0.142823
0.786983
0.287975
0.575061
0.673123
0.877242
0.355835
0.453733
0.430499
0.551195
0.969075
0.371537
0.156853
0.285599
0.765064
0.972509
0.865855
0.710776
0.483703
0.0385688
0.861431
0.88357
0.403721
0.597197
0.235006
0.866372
0.673418
0.457173
0.862832
0.971816
0.174987
0.00565482
0.7588
0.462963
0.580716
0.431923
0.340204
0.936551
0.885656
0.770704
0.487745
0.854731
0.142241
0.644598
0.140329
0.907304
0.617107
0.00618485
0.61808
0.10081
0.0447537
0.479511
0.98438
0.448474
0.0767082
0.219386
0.314847
0.750126
0.676559
0.177679
0.721942
0.851546
0.183334
0.480742
0.314509
0.76405
0.912665
0.654713
0.7006
0.79832
0.425417
0.188345
0.653051
0.567658
0.832943
0.793381
0.474962
0.45005
0.799566
0.0930424
0.55086
0.844319
0.572553
0.53524
0.292794
0.649261
0.754626
0.60764
0.399387
0.431185
0.785319
0.121329
0.282732
0.968653
0.602071
0.597241
0.732703
0.514736
0.251954
0.433303
0.313056
0.677371
0.621648
0.966107
0.245029
0.454592
0.759488
0.719992
0.904642
0.559053
0.813034
0.455502
0.403372
0.385587
0.990742
0.696166
0.0348487
0.745369
0.303807
0.434236
0.176554
0.0891259
0.555565
0.459285
0.057779
0.157636
0.0565258
0.790482
0.672372
0.30848
0.223785
0.985428
0.985851
0.845433
0.951535
0.23088
0.300025
0.711023
0.950872
0.204666
0.270076
0.763906
0.660168
0.673448
0.149494
0.650911
0.369614
0.184343
0.396279
0.673421
0.618578
0.572833
0.762547
0.174144
0.0321181
0.820326
0.33178
0.088644
0.610808
0.00415175
0.397124
0.834592
0.98958
0.382975
0.680025
0.941114
0.613855
0.980049
0.652137
0.564728
0.184716
0.922213
0.328634
0.844884
0.595661
0.478128
0.495795
0.965276
0.66247
0.892074
0.638697
0.281049
0.464907
0.401244
0.455192
0.497025
0.221569
0.786972
0.585669
0.832377
0.791124
0.982793
0.666969
0.780704
0.365768
0.346994
0.721818
0.979623
0.327043
0.373955
0.544351
0.511759
0.296168
0.872985
0.356643
0.891829
0.351113
0.852438
0.857105
0.0135834
0.744512
0.495802
0.294632
0.209419
0.897045
0.749825
0.706444
0.118615
0.536797
0.292113
0.950992
0.327921
0.274906
0.617961
0.108624
0.640674
0.964955
0.830442
0.620297
0.291998
0.204398
0.164648
0.803757
0.500566
0.037633
0.1604
0.392395
0.388746
0.0128384
0.2495
0.402329
0.75735
0.745302
0.696962
0.966769
0.642347
0.446786
0.673213
0.760962
0.983583
0.965326
0.711954
0.311504
0.240232
0.329915
0.420128
0.880906
0.29487
0.250571
0.501203
0.586868
0.454968
0.665851
0.390625
0.955534
0.703484
0.551026
0.347929
0.0922297
0.563864
0.597429
0.494559
0.321214
0.342731
0.191521
0.287984
0.985078
0.638307
0.961197
0.74604
0.62189
0.926523
0.457994
0.933394
0.166755
0.787909
0.353522
0.0476612
0.0827789
0.604093
0.548864
0.669647
0.0590609
0.214715
0.0602719
0.0145947
0.918199
0.611297
0.362523
0.0104284
0.175161
0.959952
0.504987
0.496376
0.302683
0.696508
0.784359
0.287761
0.334815
0.745556
0.0338012
0.956705
0.672079
0.491795
0.890098
0.838835
0.279705
0.24362
0.886496
0.362484
0.847713
0.43536
0.0321303
0.906774
0.650075
0.0924023
0.921368
0.568274
0.7037
0.283892
0.578702
0.878861
0.243844
0.0836894
0.375237
0.546527
0.780198
0.159596
0.834288
0.115012
0.905152
0.86809
0.0717171
0.577232
0.359885
0.961815
0.416067
0.63959
0.205436
0.302563
0.00207305
0.0531486
0.737923
0.0342034
0.959922
0.387997
0.126606
0.881291
0.956271
0.830305
0.165183
0.534973
0.709166
0.409027
0.618662
0.0844032
0.955554
0.39886
0.243999
0.789843
0.513872
0.149152
0.657932
0.585589
0.726384
0.0178172
0.547405
0.14245
0.657407
0.752841
0.445013
0.65948
0.805989
0.182935
0.693683
0.765912
0.570933
0.820289
0.647203
0.527204
0.650594
0.812385
0.0621764
0.359761
0.221413
0.680839
0.444164
0.176967
0.0796985
0.688163
0.96681
0.593571
0.837315
0.624742
0.17916
0.563698
0.642559
0.726565
0.706148
0.299966
0.479406
0.151161
0.959446
0.285395
0.334096
0.653129
0.0513066
0.905029
0.473418
0.698509
0.432232
0.124012
0.510895
0.494409
0.483772
0.732307
0.175247
0.927936
0.909274
0.254946
0.616099
0.876084
0.848517
0.453414
0.500826
0.027677
0.0171121
0.143385
0.754242
0.723261
0.443351
0.233648
0.874422
0.402797
0.519043
0.208518
0.0559256
0.570349
0.113547
0.529343
0.268859
0.545779
0.653355
0.779753
0.0401881
0.137127
0.51206
0.215436
0.0650635
0.421334
0.470382
0.681163
0.297418
0.318898
0.134576
0.798244
0.346575
0.151689
0.941629
0.100817
0.874949
0.38498
0.334465
0.749371
0.787777
0.853508
0.957889
0.843702
0.423857
0.0714356
0.373045
0.692716
0.617215
0.0264005
0.472469
0.657403
0.163528
0.984529
0.872839
0.228592
0.405864
0.34322
0.909754
0.703282
0.662118
0.0443306
0.501526
0.00869374
0.196019
0.443155
0.109511
0.0709684
0.828135
0.443976
0.820339
0.615912
0.297484
0.778228
0.459614
0.721341
0.849664
0.832659
0.414057
0.466879
0.85906
0.886526
0.124282
0.0225877
0.871056
0.99712
0.251179
0.276919
0.34034
0.160933
0.980201
0.00245863
0.205264
0.481727
0.0111524
0.401283
0.924882
0.120663
0.472252
0.753017
0.56464
0.292591
0.368929
0.862124
0.0708189
0.828543
0.583465
0.920483
0.661202
0.997522
0.387361
0.520261
0.884049
0.511643
0.542849
0.755104
0.508763
0.794028
0.0320234
0.849103
0.954962
0.0122247
0.851562
0.160225
0.493952
0.862714
0.561509
0.418834
0.983377
0.0337604
0.171851
0.548017
0.326351
0.54078
0.410141
0.39717
0.369323
0.993606
0.317653
0.0305242
0.991129
0.705014
0.550786
0.875177
0.216657
0.0936346
0.630281
0.725419
0.887663
0.662305
0.574522
0.842624
0.674529
0.426084
0.00284989
0.168481
0.288798
0.564359
0.587315
0.272175
0.598119
0.759167
0.820192
0.92447
0.299947
0.230333
0.321641
0.669269
0.223939
0.639293
0.699793
0.215068
0.344307
0.250579
0.0902452
0.560964
0.344214
0.720527
0.286383
0.231877
0.382831
0.860905
0.0745009
0.0573606
0.286989
0.0773508
0.225842
0.575787
0.641709
0.813157
0.847962
0.239828
0.572324
0.668154
0.164299
0.87227
0.898487
0.485939
0.54154
0.122427
0.125233
0.241333
0.337495
0.46954
0.491912
0.42774
0.030504
0.836126
0.148267
0.316887
0.0680022
0.531098
0.177793
0.142503
0.588458
0.464782
0.219854
0.8143
0.0405687
0.861563
0.627458
0.888531
0.101392
0.199781
0.556685
0.26569
0.0720518
0.455172
0.75163
0.613591
0.577599
0.876862
0.854925
0.915094
0.346403
0.346837
0.342834
0.376907
0.182962
0.491101
0.693794
0.250964
0.0221985
0.871586
0.393468
0.610657
0.336368
0.613321
0.424957
0.376937
0.474885
0.0524147
0.265468
0.576276
0.252196
0.822153
0.841967
0.324248
0.277325
0.593596
0.937839
0.854924
0.470459
0.792764
0.770018
0.816861
0.1396
0.112852
0.193768
0.322563
0.603953
0.887562
0.573527
0.626152
0.759148
0.966995
0.236808
0.0955167
0.580316
0.661766
0.472454
0.0552008
0.71418
0.737921
0.631477
0.966376
0.560074
0.473444
0.290624
0.837399
0.0670404
0.228464
0.692323
0.537499
0.0212276
0.462341
0.354361
0.160828
0.575194
0.548129
0.483391
0.179147
0.435691
0.056918
0.805298
0.194839
0.0239127
0.0421069
0.290356
0.604229
0.703873
0.76281
0.65943
0.418053
0.500731
0.290907
0.38443
0.0608051
0.764351
0.675054
0.898204
0.831391
0.903518
0.590527
0.36889
0.924745
0.0528687
0.723251
0.0855733
0.628062
0.27138
0.568964
0.807209
0.707071
0.625882
0.612508
0.90191
0.649795
0.654615
0.192266
0.254023
0.358487
0.955075
0.913453
0.77654
0.455806
0.20436
0.16097
0.516611
0.968711
0.836024
0.414815
0.800102
0.739541
0.00534273
0.168992
0.664286
0.0582114
0.892243
0.74986
0.686274
0.163623
0.318824
0.493483
0.870694
0.944706
0.105991
0.772604
0.5945
0.760605
0.96487
0.848524
0.119092
0.919945
0.761977
0.895632
0.375752
0.966337
0.0566021
0.892363
0.935047
0.892626
0.307178
0.735149
0.632167
0.312521
0.904141
0.296453
0.370733
0.796384
0.0463127
0.0570064
0.960007
0.365136
0.55049
0.830701
0.309842
0.65648
0.603306
0.904342
0.417086
0.568176
0.752866
0.536178
0.488121
0.514843
0.43181
0.863872
0.48118
0.488412
0.756235
0.416227
0.381038
0.0634138
0.151376
0.0132048
0.375935
0.0555167
0.309658
0.746668
0.851901
0.355971
0.803674
0.811908
0.721107
0.354164
0.642609
0.0309489
0.0106438
0.245915
0.935291
0.427729
0.81409
0.688158
0.963907
0.302211
0.203001
0.395718
0.166084
0.68418
0.88413
0.922319
0.100408
0.265168
0.985733
0.251783
0.278373
0.361668
0.3073
0.588031
0.108336
0.159201
0.944001
0.91201
0.971109
0.665108
0.266173
0.613718
0.696057
0.276817
0.859633
0.631348
0.704546
0.673723
0.319506
0.668453
0.975935
0.522507
0.064171
0.142018
0.206687
0.948301
0.0643375
0.307095
0.213469
0.0500705
0.558878
0.491842
0.411738
0.866178
0.0798725
0.520074
0.0253791
0.0238737
0.432083
0.996488
0.688982
0.698257
0.610206
0.385039
0.975073
0.469839
0.0163874
0.67962
0.143562
0.335893
0.348073
0.119497
0.8584
0.412244
0.261515
0.0650869
0.360545
0.325853
0.372182
0.574014
0.375923
0.93106
0.0658559
0.787662
0.797238
0.145728
0.307736
0.822617
0.169602
0.739819
0.819105
0.858584
0.438076
0.429311
0.243623
0.413149
0.89915
0.26001
0.0927689
0.0427118
0.595904
0.440842
0.162209
0.454303
0.853086
0.423724
0.51939
0.213631
0.749577
0.891572
0.787645
0.125501
0.822632
0.853501
0.913163
0.619869
0.99923
0.220899
0.442486
0.168832
0.960718
0.261591
0.0274157
0.398794
0.690902
0.271039
0.811943
0.590051
0.531049
0.904712
0.632763
0.126953
0.345554
0.794972
0.581256
0.19864
0.218696
0.100646
0.412271
0.968274
0.992218
0.199917
0.0937746
0.81485
0.0534178
0.00693739
0.434719
0.0526474
0.227836
0.877205
0.221479
0.188554
0.138797
0.248895
0.587348
0.829698
0.519934
0.399291
0.41975
0.0509825
0.304002
0.0525128
0.177935
0.649556
0.847485
0.759191
0.848196
0.0661812
0.859837
0.260467
0.034455
0.852055
0.460384
0.12823
0.666905
0.513802
0.135167
0.101624
0.566449
0.363003
0.97883
0.787928
0.551557
0.117626
0.0368232
0.138905
0.947325
0.556757
0.538195
0.367074
0.607739
0.842197
0.419587
0.785674
0.491754
0.267072
0.544865
0.33995
0.333253
0.404702
0.600417
0.367708
0.256758
0.0608011
0.495938
0.923663
0.574603
0.631105
0.025287
0.141052
0.994108
0.00411668
0.92898
0.545665
0.121743
0.965804
0.684569
0.0690677
0.52256
0.222764
0.436142
0.1303
0.0649619
0.855729
0.915974
0.556716
0.122801
0.460839
0.896665
0.456055
0.865541
0.497083
0.823763
0.122299
0.557884
0.319701
0.0459618
0.132487
0.950806
0.0712488
0.273539
0.944914
0.0753655
0.202519
0.490579
0.197108
0.168323
0.175148
0.266176
0.690883
0.397913
0.702318
0.821183
0.462875
0.558048
0.737157
0.0195902
0.680849
0.197996
0.916256
0.136904
0.0635368
0.413338
0.960667
0.185836
0.971222
0.280368
0.231798
0.103708
0.231174
0.303046
0.377247
0.176088
0.378412
0.579766
0.666667
0.57552
0.748088
0.841815
0.841697
0.438971
0.239728
0.544015
0.260154
0.702602
0.102063
0.997311
0.722193
0.782912
0.195306
0.638448
0.919816
0.258843
0.0517862
0.880483
0.444679
0.0230078
0.160851
0.676476
0.126716
0.392025
0.979523
0.503963
0.568113
0.357935
0.0837285
0.23478
0.933455
0.831817
0.0765946
0.775152
0.270788
0.316322
0.319167
0.530942
0.0189248
0.421229
0.528253
0.741117
0.204141
0.723559
0.379566
0.123957
0.982402
0.431352
0.00443917
0.427081
0.45436
0.16529
0.103557
0.581076
0.557315
0.0830801
0.0850384
0.125427
0.441015
0.168767
0.360207
0.37447
0.00058366
0.436801
0.149622
0.271372
0.753124
0.468789
0.802314
0.772049
0.890018
0.330567
0.513166
0.0941585
0.0541258
0.892732
0.218115
0.0365277
0.324083
0.222554
0.463608
0.778443
0.387844
0.567166
0.359519
0.945159
0.650246
0.444557
0.0705861
0.0912606
0.613324
0.430793
0.465731
0.613907
0.867594
0.615353
0.885279
0.620718
0.0841412
0.687593
0.392767
0.974159
0.0181601
0.905933
0.0683174
0.0722859
0.798665
0.286432
0.108814
0.122748
0.508987
0.572422
0.901191
0.896831
0.139588
0.260709
0.84199
0.789833
0.705266
0.912576
0.881094
0.31859
0.343369
0.346825
0.932497
0.210963
0.962177
0.817777
0.831681
0.0463186
0.50537
0.224448
0.0204775
0.52353
0.130381
0.0887949
0.595816
0.929045
0.375227
0.70463
0.0517933
0.884214
0.277052
0.952984
0.781045
0.416639
0.213693
0.623034
0.206473
0.91896
0.53561
0.0875666
0.237549
0.878979
0.434391
0.170047
0.0899416
0.396569
0.987823
0.921623
0.442887
0.493193
0.146071
0.463365
0.0167233
0.276452
0.55216
0.612539
0.205497
0.927387
0.317169
0.25729
0.811601
0.59422
0.210274
0.592646
0.0108597
0.423968
0.215681
0.217332
0.342927
0.751291
0.304899
0.580477
0.630269
0.73929
0.750524
0.720211
0.135859
0.738347
0.641834
0.578747
0.23154
0.787905
0.0421115
0.248264
0.0643563
0.594271
0.860803
0.269853
0.521659
0.177972
0.527144
0.33326
0.772192
0.737418
0.925906
0.783052
0.161386
0.141587
0.00038433
0.504313
0.892877
0.305283
0.08479
0.523147
0.0445735
0.835314
0.243358
0.180433
0.573661
0.885192
0.759179
0.805201
0.673096
0.80129
0.0534645
0.737453
0.395562
0.914267
0.00730602
0.91722
0.0922392
0.53445
0.25048
0.864431
0.271868
0.176386
0.647484
0.433254
0.317973
0.647868
0.937567
0.21085
0.953151
0.0223574
0.733997
0.997725
0.857671
0.977355
0.178157
0.431331
0.862547
0.937336
0.236532
0.535643
0.738627
0.289997
0.273096
0.134188
0.204264
0.280402
0.0514086
0.296503
0.814852
0.301889
0.160935
0.0867198
0.478275
0.808418
0.519974
0.796248
0.456286
0.457541
0.00709828
0.409437
0.479899
0.741096
0.407162
0.33757
0.718451
0.585319
0.768901
0.580998
0.522655
0.00543338
0.116641
0.261281
0.29543
0.389737
0.39547
0.499694
0.670139
0.446878
0.796198
0.48499
0.748767
0.957133
0.57171
0.227042
0.765551
0.0916838
0.0232901
0.221837
0.549225
0.0303884
0.631275
0.0291236
0.771484
0.0384365
0.366693
0.489935
0.623755
0.135594
0.0709323
0.14641
0.141028
0.187573
0.407692
0.436458
0.57731
0.803162
0.936152
0.247448
0.25004
0.73235
0.732439
0.998807
0.689483
0.304148
0.225849
0.455034
0.395832
0.24914
0.676871
0.945057
0.279528
0.308146
0.974181
0.0510119
0.346583
0.340874
0.540947
0.970338
0.476468
0.611879
0.116748
0.617496
0.799452
0.52444
0.0539535
0.376762
0.327602
0.990106
0.62421
0.577642
0.722456
0.356649
0.576449
0.411938
0.660797
0.802298
0.866972
0.0566294
0.051438
0.543844
0.00168666
0.330966
0.85199
0.975868
0.381978
0.198572
0.316742
0.922925
0.16891
0.79321
0.534803
0.285659
0.410706
0.334255
0.810099
0.464659
0.711017
0.1377
0.454765
0.335228
0.715342
0.17722
0.691876
0.291791
0.589159
0.352673
0.0940894
0.456131
0.409303
0.145527
0.999975
0.410989
0.476493
0.851965
0.386857
0.858471
0.0505371
0.703598
0.781396
0.219447
0.496808
0.316199
0.505106
0.907514
0.650455
0.315205
0.372173
0.361472
0.452905
0.826937
0.696699
0.168247
0.00415794
0.388576
0.460038
0.593317
0.741249
0.554127
0.0494481
0.150552
0.699655
0.0494231
0.561541
0.176148
0.901388
0.948398
0.0346192
0.951925
0.651996
0.816015
0.171372
0.148804
0.132214
0.676478
0.0563182
0.782669
0.991683
0.428491
0.144141
0.444588
0.255428
0.84084
0.612835
0.259586
0.229416
0.072873
0.852903
0.970664
0.627
0.902351
0.121216
0.326655
0.951774
0.682757
0.502803
0.853162
0.631155
0.537422
0.805087
0.283151
0.353437
0.97646
0.431956
0.485651
0.652938
0.488274
0.26832
0.644621
0.916765
0.41246
0.0892085
0.172193
0.2533
0.702043
0.43178
0.482716
0.774916
0.284683
0.45338
0.401917
0.187034
0.574596
0.728572
0.138809
0.257353
0.231375
0.991971
0.888508
0.768797
0.797058
0.171659
0.122234
0.773518
0.603615
0.607885
0.426456
0.0918891
0.876205
0.0710763
0.00865403
0.288665
0.160285
0.180847
0.541965
0.862328
0.612627
0.0246805
0.637245
0.89731
0.478061
0.0391614
0.0843444
0.0526568
0.767733
0.223153
0.31001
0.999108
0.215124
0.198518
0.767905
0.0121827
0.370178
0.890139
0.785701
0.973793
0.498024
0.212156
0.0656821
0.374229
0.283233
0.0743362
0.662894
0.443517
0.255184
0.204859
0.305846
0.867811
0.22954
0.94309
0.765121
0.7076
0.982252
0.849465
0.760257
0.749985
0.0726182
0.0702671
0.749093
0.287742
0.268785
0.516998
0.299925
0.638963
0.407138
0.0856258
0.612756
0.905162
0.297782
0.678438
0.279391
0.581015
0.752774
0.942285
0.0245322
0.00795794
0.147144
0.330378
0.875769
0.376684
0.273468
0.640889
0.0842841
0.25572
0.490354
0.844541
0.00570511
0.562972
0.914808
0.754798
0.850715
0.183593
0.271797
0.15064
0.822557
0.678934
0.236266
0.435313
0.584096
0.534048
0.113751
0.863488
0.115063
0.866525
0.805773
0.139595
0.874483
0.952917
0.469973
0.750252
0.329601
0.743441
0.391141
0.413885
0.999161
0.881495
0.258426
0.00486621
0.444468
0.173234
0.759664
0.295183
0.356828
0.031461
0.445823
0.179385
0.710395
0.682088
0.614697
0.294491
0.216136
0.728448
0.157979
0.331199
0.594974
0.963752
0.470794
0.469457
0.916669
0.940767
0.219709
0.24627
0.684208
0.61085
0.660156
0.683369
0.492345
0.918582
0.688235
0.936813
0.0918164
0.447899
0.231996
0.448644
0.47936
0.677818
0.628029
0.189756
0.359907
0.242726
0.484247
0.576043
0.971174
0.642226
0.907242
0.566148
0.605978
0.378036
0.0356052
0.522647
0.318802
0.255314
0.768917
0.0030101
0.866164
0.429073
0.686379
0.35851
0.347655
0.374614
0.295323
0.439471
0.822513
0.527318
0.888115
0.301874
0.205137
0.516144
0.491629
0.565043
0.75887
0.975876
0.141086
0.730045
0.618102
0.0483284
0.296193
0.22408
0.426364
0.331798
0.746727
0.745167
0.587112
0.515644
0.748177
0.453277
0.944717
0.434556
0.811786
0.292372
0.809169
0.107109
0.731843
0.631683
0.634428
0.619958
0.933556
0.839564
0.136102
0.425186
0.404608
0.894973
0.401062
0.545694
0.625017
0.0191642
0.594022
0.92121
0.243244
0.0203866
0.253008
0.989972
0.765553
0.840121
0.505616
0.51373
0.293397
0.450333
0.948286
0.105183
0.742705
0.757455
0.212292
0.474548
0.389138
0.84672
0.0945059
0.322694
0.686284
0.230608
0.747879
0.0908919
0.125581
0.148941
0.636586
0.750599
0.168105
0.230608
0.671809
0.41135
0.250995
0.924817
0.401321
0.0165482
0.764938
0.906937
0.530278
0.0583353
0.35727
0.478564
0.163519
0.099975
0.236019
0.375811
0.574523
0.625156
0.222531
0.669029
0.94785
0.908816
0.899637
0.695729
0.999708
0.025218
0.84467
0.636294
0.775817
0.0127756
0.866902
0.447625
0.424125
0.117897
0.372443
0.825447
0.134445
0.137381
0.732384
0.664723
0.195716
0.0896542
0.143287
0.359235
0.189629
0.379306
0.735046
0.764152
0.00446175
0.957577
0.433181
0.952312
0.866393
0.332818
0.648041
0.8661
0.358036
0.492711
0.502394
0.133852
0.505487
0.369296
0.581477
0.929612
0.487193
0.95392
0.755059
0.621638
0.091301
0.487443
0.286361
0.287017
0.577097
0.429648
0.646252
0.766726
0.808954
0.381298
0.530878
0.813416
0.338876
0.964059
0.765727
0.205269
0.296877
0.413768
0.0713691
0.654912
0.906479
0.573763
0.788764
0.411966
0.943059
0.370242
0.341578
0.430252
0.324162
0.0966367
0.0518896
0.415463
0.58408
0.338251
0.70248
0.161177
0.767899
0.348732
0.927903
0.576853
0.73003
0.458782
0.390268
0.0689059
0.422841
0.155996
0.274174
0.719717
0.569763
0.345544
0.37463
0.476242
0.919307
0.163394
0.888208
0.862366
0.533635
0.229786
0.292617
0.857797
0.326423
0.344507
0.27326
0.910502
0.682758
0.97574
0.071679
0.450657
0.324472
0.999582
0.0275096
0.0545022
0.458364
0.417778
0.123408
0.881205
0.573774
0.397583
0.600922
0.143537
0.743126
0.975552
0.619779
0.662433
0.138945
0.507987
0.524798
0.672581
0.737773
0.817416
0.530378
0.0641959
0.161923
0.803638
0.974698
0.84468
0.779377
0.046377
0.295337
0.103849
0.0459593
0.322847
0.158352
0.504323
0.740625
0.28176
0.385528
0.314398
0.679342
0.98645
0.457935
0.422468
0.962002
0.0777147
0.0849009
0.100948
0.585702
0.609699
0.773528
0.323476
0.427115
0.303906
0.387671
0.589038
0.107544
0.362369
0.433718
0.886921
0.408746
0.729055
0.99077
0.454706
0.0519022
0.149122
0.959029
0.792527
0.430881
0.344557
0.106925
0.110224
0.331008
0.564861
0.532692
0.29301
0.642575
0.617593
0.393957
0.228278
0.227292
0.167485
0.551753
0.654407
0.471391
0.939425
0.243445
0.578935
0.301794
0.677163
0.465856
0.71054
0.406218
0.456626
0.165246
0.45812
0.605748
0.124275
0.250647
0.0366297
0.468832
0.357573
0.146853
0.79984
0.922433
0.679545
0.0928495
0.565009
0.297138
0.486807
0.793287
0.52443
0.654292
0.34504
0.178836
0.125684
0.284464
0.422281
0.704618
0.586258
0.0994436
0.170474
0.296799
0.505662
0.627101
0.462045
0.963782
0.232849
0.58632
0.214429
0.269479
0.0551524
0.572002
0.416332
0.854992
0.494436
0.0958767
0.947842
0.0594444
0.393014
0.434648
0.852731
0.917444
0.0889406
0.197771
0.0962802
0.214624
0.482235
0.518561
0.919243
0.0684931
0.618005
0.0897169
0.365292
0.123666
0.716818
0.827337
0.0874484
0.949666
0.413657
0.301878
0.219145
0.468809
0.87388
0.635477
0.323801
0.368315
0.731353
0.271643
0.42776
0.124368
0.706291
0.280491
0.0418115
0.795232
0.478261
0.138092
0.00985604
0.960496
0.656653
0.929099
0.0289893
0.274658
0.0188155
0.394281
0.398324
0.735633
0.221618
0.485772
0.6853
0.635274
0.78765
0.904445
0.104083
0.66153
0.539921
0.427885
0.0298454
0.271275
0.699528
0.457605
0.395643
0.405819
0.738096
0.437454
0.201051
0.216357
0.575546
0.210907
0.176854
0.232199
0.140006
0.205843
0.506856
0.158821
0.600124
0.90518
0.894454
0.821742
0.390953
0.579754
0.457016
0.178603
0.484198
0.561099
0.840133
0.0241197
0.988984
0.869978
0.295395
0.688512
0.327583
0.691037
0.0943305
0.0656792
0.128491
0.295381
0.282037
0.704037
0.506288
0.45889
0.936235
0.646294
0.664733
0.443092
0.805115
0.264857
0.348272
0.699569
0.0865988
0.739224
0.279323
0.543615
0.917827
0.763521
0.104714
0.75796
0.787641
0.0936983
0.627938
0.0830351
0.78221
0.955521
0.774072
0.87654
0.0211999
0.902563
0.171922
0.303236
0.6066
0.67821
0.762127
0.542836
0.324504
0.42686
0.985927
0.129619
0.691717
0.334199
0.829188
0.778316
0.0734235
0.10851
0.32193
0.99125
0.872031
0.426645
0.74921
0.659672
0.520343
0.377148
0.742707
0.302553
0.332668
0.516779
0.179093
0.353868
0.419343
0.351015
0.657105
0.0259429
0.029225
0.419232
0.568779
0.353729
0.846091
0.554706
0.483347
0.537808
0.888905
0.312535
0.316123
0.962329
0.421045
0.638054
0.953579
0.293076
0.0646984
0.702789
0.952748
0.585041
0.0799371
0.695455
0.887594
0.412606
0.212234
0.0666872
0.766474
0.631577
0.417702
0.423579
0.65752
0.446927
0.84281
0.226298
0.800656
0.688902
0.781004
0.284003
0.22671
0.66991
0.596538
0.542833
0.632239
0.0175836
0.180887
0.585818
0.31066
0.245585
0.288607
0.263408
0.830627
0.368544
0.958863
0.718221
0.78115
0.171097
0.784908
0.547624
0.802674
0.20261
0.971203
0.460193
0.649537
0.814013
0.686492
0.450193
0.502915
0.467496
0.734196
0.729625
0.137406
0.330735
0.272458
0.769645
0.348318
0.453345
0.355463
0.658978
0.69893
0.64407
0.922386
0.529557
0.0126146
0.881249
0.247777
0.793765
0.0523465
0.0326852
0.341389
0.85502
0.235295
0.312592
0.315214
0.884832
0.126605
0.00170569
0.335025
0.62952
0.469202
0.0692214
0.359145
0.606608
0.399956
0.631603
0.376253
0.748274
0.0849473
0.731715
0.407253
0.783877
0.375786
0.329639
0.313434
0.3884
0.210888
0.561212
0.182165
0.263235
0.593897
0.523553
0.118255
0.829192
0.836145
0.433469
0.714024
0.96275
0.435175
0.0490493
0.59227
0.904377
0.118271
0.951415
0.510985
0.518227
0.583017
0.887237
0.266501
0.667965
0.618953
0.673754
0.451842
0.994738
0.00339229
0.765276
0.383138
0.21428
0.326488
0.565303
0.477515
0.920385
0.0888564
0.59577
0.749577
0.925001
0.0292389
0.463601
0.887752
0.464413
0.51265
0.480022
0.36879
0.630921
0.431437
0.879774
0.149147
0.0144541
0.767012
0.415648
0.682419
0.385964
0.089402
0.134261
0.380703
0.0927943
0.899538
0.763841
0.307075
0.226026
0.329144
0.78459
0.14641
0.418
0.38036
0.895987
0.343002
0.409598
0.359588
0.230753
0.874012
0.872238
0.710775
0.242802
0.503159
0.142212
0.122576
0.652306
0.156666
0.889588
0.0679547
0.839085
0.275552
0.157357
0.973346
0.656255
0.250151
0.872883
0.420096
0.557226
0.098909
0.74924
0.341815
0.245319
0.16724
0.722175
0.141306
0.510242
0.131773
0.500894
0.740995
0.00578506
0.373132
0.45177
0.248587
0.876291
0.593982
0.371163
0.528597
0.750648
0.260751
0.596552
0.589732
0.536304
0.753909
0.563078
0.192559
0.00405962
0.435962
0.612655
0.561285
0.534871
0.361894
0.9031
0.78019
0.529135
0.625275
0.921496
0.0393765
0.757048
0.422391
0.780372
0.762833
0.795523
0.232142
0.0114203
0.671814
0.826124
0.382583
0.200412
0.576772
0.643335
0.796964
0.166504
0.179638
0.550872
0.729582
0.372197
0.554932
0.165544
0.984851
0.116217
0.700414
0.346746
0.0193176
0.480604
0.87588
0.644593
0.402101
0.915257
0.401641
0.824491
0.695628
0.164474
0.620014
0.927771
0.175895
0.291829
0.753895
0.558478
0.49224
0.330667
0.201813
0.289204
0.497171
0.381451
0.840076
0.226753
0.753648
0.395008
0.392297
0.738499
0.511226
0.092711
0.0852444
0.530543
0.573315
0.961125
0.175136
0.975416
0.876381
0.576777
0.799907
0.57201
0.741252
0.419921
0.49978
0.917146
0.71175
0.253675
0.475624
0.20399
0.584341
0.677437
0.493194
0.0815121
0.058888
0.333271
0.308265
0.812536
0.728279
0.700562
0.551034
0.239505
0.793273
0.636279
0.770048
0.366588
0.597403
0.945184
0.342004
0.473785
0.521961
0.141911
0.0457942
0.263213
0.561832
0.545574
0.180359
0.273582
0.799249
0.655984
0.477572
0.383591
0.333421
0.970767
0.465103
0.392309
0.304037
0.773368
0.204845
0.0323165
0.47393
0.755879
0.271821
0.267203
0.392158
0.0418697
0.633791
0.989561
0.987054
0.975795
0.463346
0.509015
0.117705
0.50914
0.772228
0.679538
0.0547145
0.952588
0.95312
0.853964
0.608572
0.430692
0.237555
0.941993
0.401459
0.702658
0.334302
0.705496
0.476026
0.539146
0.737813
0.949956
0.295025
0.00963431
0.217158
0.687183
0.051504
0.850949
0.676745
0.038558
0.826744
0.14009
0.547573
0.944449
0.649231
0.319802
0.623987
0.703945
0.27239
0.577107
0.557909
0.880961
0.00779897
0.795464
0.822954
0.409258
0.498121
0.157256
0.114754
0.974147
0.696402
0.852567
0.924103
0.991428
0.862201
0.141261
0.678611
0.913705
0.99221
0.355356
0.952263
0.818954
0.495446
0.499837
0.763403
0.144677
0.819639
0.387389
0.848622
0.0920282
0.964496
0.406531
0.97299
0.972295
0.201994
0.795944
0.381553
0.700115
0.953199
0.496307
0.674262
0.649602
0.348874
0.598365
0.641029
0.211076
0.739626
0.31964
0.124781
0.731835
0.674996
0.0770446
0.550789
0.170442
0.576881
0.314192
0.315119
0.39652
0.701581
0.16374
0.488548
0.666077
0.570271
0.461538
0.638372
0.772265
0.257481
0.0199255
0.47238
0.210681
0.516233
0.146643
0.860282
0.865107
0.745008
0.501312
0.0761832
0.484633
0.820952
0.200964
0.216469
0.495948
0.278009
0.767258
0.66639
0.85489
0.0814494
0.981509
0.25141
0.783031
0.145249
0.739958
0.449108
0.71552
0.201496
0.0874803
0.487785
0.458977
0.107406
0.960166
0.669658
0.623639
0.106809
0.52994
0.488746
0.851816
0.0312516
0.564929
0.33645
0.852204
0.765894
0.552919
0.348152
0.0439028
0.320176
0.0145419
0.898793
0.401626
0.996051
0.150204
0.184656
0.1413
0.890162
0.633764
0.856821
0.0916581
0.721244
0.344606
0.550635
0.82865
0.304772
0.220293
0.452289
0.411581
0.750233
0.941035
0.263397
0.781485
0.505964
0.599847
0.633688
0.271858
0.152766
0.98184
0.315761
0.472942
0.996382
0.214554
0.874568
0.992433
0.364758
0.0592239
0.133733
0.25492
0.692988
0.990553
0.346578
0.414232
0.33516
0.897213
0.242883
0.639932
0.117506
0.695172
0.0515125
0.867739
0.636207
0.31491
0.649224
0.142171
0.914757
0.282912
0.414029
0.0675227
0.264752
0.72979
0.540465
0.261134
0.944345
0.415032
0.253566
0.309103
0.474256
0.387299
0.564023
0.167244
0.377853
0.910601
0.581477
0.713012
0.807814
0.824359
0.352944
0.92532
0.519531
0.404456
0.79306
0.155738
0.719366
0.442284
0.297909
0.634123
0.725196
0.711939
0.701646
0.989948
0.441729
0.24211
0.251082
0.386074
0.657143
0.504648
0.695177
0.131399
0.891948
0.259199
0.298643
0.2698
0.1698
0.88012
0.982813
0.977614
0.704479
0.335756
0.902935
0.224011
0.740213
0.695994
0.379749
0.459579
0.138278
0.677658
0.0937019
0.863474
0.389597
0.795348
0.853422
0.831326
0.0374579
0.104504
0.2174
0.694601
0.609153
0.912577
0.826
0.5011
0.171776
0.124643
0.770901
0.341576
0.00476286
0.753713
0.31919
0.709242
0.0894699
0.222125
0.933253
0.829683
0.918119
0.313002
0.289261
0.0563973
0.99066
0.382963
0.919871
0.380257
0.178311
0.773294
0.211584
0.215769
0.877798
0.428984
0.910369
0.486951
0.341561
0.736369
0.988051
0.513337
0.861012
0.758952
0.854913
0.865775
0.512665
0.174103
0.575017
0.602135
0.396228
0.50827
0.431818
0.314347
0.821272
0.721079
0.370744
0.811932
0.104042
0.290616
0.19219
0.282353
0.0639095
0.403774
0.498122
0.941708
0.832758
0.408491
0.428658
0.174319
0.14486
0.416709
0.687656
0.00587173
0.175661
0.54257
0.871646
0.688326
0.716673
0.446663
0.290461
0.112901
0.954933
0.722279
0.427248
0.776205
0.443358
0.797992
0.588137
0.5474
0.0886077
0.780327
0.829753
0.152517
0.184101
0.327875
0.0942248
0.0168586
0.736366
0.522883
0.191178
0.881226
0.939592
0.878834
0.887098
0.115253
0.421403
0.758744
0.803579
0.138076
0.205407
0.0940404
0.250977
0.16034
0.816319
0.678225
0.936546
0.259677
0.476217
0.524683
0.807077
0.564825
0.30501
0.63683
0.717342
0.489111
0.964705
0.811567
0.50597
0.70107
0.33445
0.697147
0.582296
0.274042
0.575981
0.469394
0.389295
0.997385
0.228138
0.192874
0.135461
0.433545
0.286915
0.386438
0.593885
0.103234
0.0646629
0.530431
0.362911
0.54088
0.0551138
0.169987
0.105704
0.360124
0.806817
0.823046
0.849235
0.771522
0.634613
0.355205
0.472592
0.969062
0.0523517
0.0548882
0.243104
0.628333
0.524282
0.632399
0.625718
0.75242
0.825273
0.761178
0.185964
0.112188
0.147616
0.779849
0.215421
0.212279
0.31028
0.578332
0.753159
0.365394
0.748319
0.858863
0.725518
0.555136
0.68191
0.574753
0.326658
0.316522
0.929958
0.79925
0.285584
0.982309
0.854138
0.528688
0.610642
0.37842
0.161087
0.23636
0.130839
0.98636
0.997538
0.316804
0.0985479
0.145155
0.0966531
0.313969
0.357434
0.406933
0.892301
0.110593
0.772327
0.64062
0.969456
0.497845
0.195756
0.651366
0.0725982
0.522414
0.967888
0.00255576
0.321664
0.253472
0.984865
0.175802
0.782161
0.595507
0.554222
0.943248
0.831867
0.685062
0.929609
0.829405
0.00186533
0.0281565
0.974559
0.0985184
0.342126
0.331993
0.505452
0.234427
0.442586
0.277779
0.875047
0.412042
0.775624
0.070803
0.0634082
0.848222
0.593217
0.0312963
0.850778
0.914881
0.284769
0.835643
0.0906833
0.0669297
0.43115
0.644905
0.0101779
0.263017
0.329967
0.939786
0.092422
0.331832
0.967943
0.0669815
0.430351
0.310069
0.398975
0.935802
0.544495
0.841561
0.213581
0.419542
0.253603
0.989206
0.490345
0.317011
0.837428
0.0835619
0.348308
0.688206
0.998443
0.633076
0.523849
0.0891264
0.700006
0.955
0.734032
0.710184
0.218017
0.0639988
0.649971
0.310439
0.395831
0.617913
0.37742
0.826182
0.927982
0.776395
0.761984
0.472477
0.617956
0.975566
0.892019
0.871559
0.964771
0.382364
0.188571
0.802199
0.465926
0.536878
0.490405
0.464369
0.169955
0.0142546
0.553495
0.869961
0.969254
0.287527
0.580145
0.187271
0.351526
0.230116
0.49771
0.747357
0.848029
0.87513
0.573539
0.776011
0.651525
0.335523
0.248488
0.269481
0.311089
0.140507
0.14104
0.27586
0.522871
0.32961
0.0780592
0.988796
0.866489
0.568464
0.453165
0.0364436
0.582719
0.00665988
0.906405
0.551973
0.294187
0.48655
0.739244
0.645712
0.716665
0.236954
0.393069
0.564694
0.112084
0.966607
0.340705
0.763609
0.30213
0.589193
0.0330897
0.613219
0.7297
0.17413
0.889079
0.252571
0.50374
0.967138
0.241367
0.370229
0.535603
0.694532
0.406672
0.118322
0.701192
0.313077
0.670295
0.995378
0.799626
0.409539
0.64109
0.516292
0.646493
0.0341594
0.0809856
0.758577
0.000766875
0.421691
0.522186
0.302897
0.0108837
0.555276
0.916116
0.740584
0.729405
0.805195
0.993154
0.233145
0.772334
0.234521
0.603374
0.307936
0.929053
0.0100463
0.426258
0.630245
0.323123
0.096553
0.625623
0.12275
0.506092
0.266713
0.639041
0.152585
0.300873
0.720027
0.911162
0.30164
0.141717
0.433348
0.604537
0.152601
0.988623
0.520653
0.893185
0.718029
0.325849
0.886339
0.951174
0.0981825
0.12086
0.554548
0.406119
0.0499134
0.564594
0.832377
0.680158
0.887717
0.92893
0.305781
0.0104667
0.435022
0.572494
0.649508
0.587607
0.873367
0.369534
0.498769
0.175007
0.511252
0.932117
0.779544
0.663853
0.92074
0.300197
0.557038
0.638769
0.626046
0.443377
0.589943
0.724228
0.564237
0.144491
0.130347
0.61415
0.709085
0.962724
0.294308
0.596802
0.891654
0.600089
0.607269
0.326676
0.172584
0.256777
0.914283
0.0459506
0.626311
0.413052
0.220957
0.137563
0.345169
0.000501048
0.801416
0.265909
0.300698
0.358453
0.904679
0.926744
0.80183
0.494621
0.650972
0.366067
0.639112
0.78132
0.980217
0.348197
0.744044
0.274526
0.944999
0.635698
0.874615
0.552268
0.962374
0.0471985
0.809044
0.876657
0.0931491
0.435355
0.289709
0.314107
0.572918
0.634878
0.314608
0.374334
0.900788
0.615306
0.732787
0.805466
0.54205
0.534617
0.300088
0.193022
0.900683
0.9392
0.974341
0.8809
0.287397
0.718385
0.155426
0.232396
0.354083
0.0300409
0.784664
0.316457
0.0772394
0.593708
0.193114
0.170389
0.0290635
0.482823
0.484495
0.601982
0.117701
0.799103
0.976315
0.0184891
0.414408
0.709102
0.823955
0.956458
0.243719
0.124043
0.14948
0.144402
0.0632428
0.123821
0.0253025
0.35064
0.842207
0.180729
0.583035
0.19629
0.210769
0.367699
0.512746
0.288009
0.961407
0.70586
0.458397
0.990471
0.188683
0.942892
0.592452
0.306385
0.741995
0.568768
0.324874
0.156403
0.27787
0.148829
0.112861
0.521589
0.272872
0.262341
0.665991
0.336115
0.386162
0.691294
0.686755
0.228369
0.872022
0.26979
0.424658
0.0827915
0.637489
0.937405
0.3708
0.598896
0.643265
0.829198
0.589367
0.831949
0.77209
0.181819
0.138333
0.514085
0.750587
0.463207
0.670489
0.0284576
0.612037
0.78335
0.550047
0.884909
0.0456909
0.216038
0.221024
0.431853
0.907331
0.907779
0.660222
0.779353
0.177569
0.0848806
0.862145
0.815058
0.0222855
0.232945
0.413954
0.665551
0.062143
0.0033214
0.497499
0.834233
0.185141
0.635833
0.348319
0.935728
0.0990402
0.0188072
0.964186
0.711077
0.802157
0.514232
0.595986
0.847848
0.73027
0.81701
0.279701
0.637601
0.724788
0.939923
0.416955
0.902357
0.0248041
0.2791
0.717415
0.0470896
0.512045
0.131369
0.71264
0.574188
0.134691
0.21014
0.408421
0.319831
0.845972
0.75674
0.25556
0.945013
0.775547
0.219746
0.65609
0.577704
0.733978
0.252075
0.425552
0.464248
0.0690847
0.705253
0.10185
0.793873
0.645177
0.518804
0.69623
0.669981
0.797904
0.413644
0.71707
0.309949
0.545014
0.429711
0.884137
0.679704
0.63985
0.292558
0.999535
0.485823
0.0492976
0.255095
0.430836
0.824844
0.474841
0.086925
0.402548
0.208819
0.339
0.8281
0.673067
0.408085
0.533354
0.774916
0.201958
0.17853
0.293721
0.898187
0.848511
0.0916246
0.311832
0.565582
0.401574
0.856845
0.995292
0.28571
0.536549
0.635143
0.578268
0.536085
0.120965
0.627566
0.79118
0.551801
0.45241
0.266021
0.638726
0.854959
0.474839
0.977726
0.683059
0.147906
0.385811
0.216413
0.922823
0.587769
0.394943
0.216543
0.485956
0.243454
0.308168
0.797788
0.809036
0.709741
0.654633
0.804328
0.995452
0.191183
0.439471
0.57372
0.727268
0.560436
0.201286
0.518448
0.112237
0.653696
0.784469
0.750963
0.508655
0.259308
0.728689
0.191714
0.407214
0.1145
0.408127
0.330037
0.702269
0.80307
0.54658
0.188225
0.0465238
0.854748
0.986013
0.85556
0.564489
0.640646
0.659888
0.559941
0.831829
0.0993585
0.13366
0.559097
0.659795
0.334946
0.0775448
0.772032
0.988642
0.862013
0.522995
0.497297
0.121322
0.251684
0.689011
0.528536
0.366184
0.0971371
0.858573
0.0684535
0.900207
0.405153
0.256679
0.94673
0.2599
0.242692
0.80229
0.824389
0.883338
0.462178
0.38433
0.715167
0.561536
0.51799
0.274264
0.221331
0.852936
0.351809
0.993363
0.841578
0.213822
0.516358
0.338875
0.335144
0.768042
0.0278857
0.86368
0.134226
0.125023
0.722253
0.20268
0.0252294
0.127405
0.459358
0.97196
0.387306
0.70205
0.77425
0.211695
0.585388
0.236428
0.596025
0.300555
0.797964
0.114016
0.574819
0.019295
0.966952
0.926628
0.0126577
0.80853
0.140451
0.529015
0.147405
0.475595
0.297057
0.175291
0.339274
0.431283
0.300314
0.0615271
0.633963
0.325543
0.188933
0.0933207
0.297503
0.576239
0.795371
0.0717528
0.787934
0.380758
0.308181
0.383959
0.681314
0.106145
0.497975
0.256133
0.12544
0.464927
0.182761
0.138097
0.273457
0.323212
0.667113
0.420863
0.798806
0.96417
0.596154
0.13808
0.395453
0.896467
0.199608
0.0294152
0.222011
0.38854
0.122736
0.519514
0.964779
0.918107
0.591266
0.752713
0.298865
0.899447
0.136672
0.980179
0.00559153
0.634647
0.236311
0.131031
0.0995735
0.419072
0.269128
0.373031
0.742284
0.936241
0.793893
0.54109
0.900411
0.390047
0.67917
0.295863
0.286514
0.878778
0.325278
0.508525
0.267318
0.448014
0.0280385
0.232097
0.366121
0.619305
0.984809
0.664986
0.518752
0.121481
0.645164
0.524343
0.756128
0.881476
0.655374
0.855701
0.300548
0.924503
0.228732
0.042832
0.860744
0.022625
0.583922
0.761155
0.412672
0.263092
0.0570179
0.699186
0.14187
0.382296
0.207711
0.409188
0.830311
0.23575
0.641285
0.196432
0.855054
0.626094
0.861418
0.373806
0.747575
0.506582
0.89815
0.503702
0.388058
0.553524
0.359403
0.688606
0.478027
0.588135
0.731438
0.338771
0.61076
0.31536
0.0999257
0.023432
0.578452
0.156944
0.722618
0.720322
0.53924
0.930329
0.12951
0.369551
0.166079
0.770795
0.565983
0.021133
0.396889
0.4274
0.394939
0.144464
0.933982
0.293089
0.648166
0.322041
0.846613
0.00756973
0.0106467
0.32464
0.595705
0.742085
0.663411
0.206465
0.057445
0.763337
0.229897
0.635897
0.920281
0.952515
0.35622
0.459521
0.882844
0.48573
0.829071
0.048923
0.256525
0.395054
0.070056
0.653414
0.822454
0.464995
0.797878
0.756437
0.758084
0.446045
0.0784774
0.604697
0.453614
0.0891241
0.929338
0.0493193
0.831209
0.592749
0.255784
0.888654
0.356086
0.485682
0.524551
0.276367
0.438197
0.880771
0.735887
0.321041
0.366501
0.564959
0.369964
0.623027
0.960013
0.44002
0.276441
0.782467
0.905016
0.0743194
0.538904
0.6631
0.520364
0.617381
0.267797
0.973978
0.706506
0.197135
0.0232977
0.537715
0.789884
0.279082
0.426369
0.14597
0.764764
0.95092
0.422336
0.20296
0.831691
0.158223
0.524002
0.198192
0.723182
0.893966
0.821219
0.683195
0.333986
0.0976602
0.465662
0.239001
0.17198
0.00456602
0.902101
0.692344
0.621947
0.169898
0.666322
0.328453
0.367033
0.68962
0.866167
0.156917
0.968702
0.292536
0.302887
0.733466
0.243456
0.725223
0.936426
0.0751474
0.883446
0.460428
0.27334
0.606629
0.354393
0.094559
0.289823
0.688379
0.192219
0.755485
0.927381
0.364199
0.760052
0.829482
0.0565425
0.381999
0.99938
0.722865
0.710452
0.366414
0.412484
0.576619
0.523331
0.381186
0.869156
0.826218
0.114652
0.112612
0.551441
0.0510779
0.187759
0.434887
0.511505
0.461099
0.0415159
0.865899
0.555658
0.331339
0.554278
0.747877
0.0868248
0.481659
0.112076
0.846876
0.311141
0.168619
0.228875
0.310521
0.891483
0.939327
0.676935
0.303968
0.515946
0.200266
0.685154
0.385102
0.0264835
0.799806
0.497714
0.577924
0.850884
0.685473
0.0128116
0.362389
0.146572
0.0543274
0.228288
0.70223
0.385667
0.782566
0.450108
0.472492
0.264225
0.562184
0.319368
0.575366
0.730803
0.548243
0.885887
0.622286
0.48757
0.562822
0.926254
0.00351682
0.763087
0.611408
0.388619
0.789571
0.411214
0.886333
0.367495
0.262098
0.571805
0.380307
0.624487
0.718378
0.434634
0.852775
0.420608
0.820301
0.635341
0.870715
0.292792
0.899566
0.432899
0.61216
0.474932
0.163702
0.160404
0.360818
0.785988
0.647974
0.92364
0.712242
0.651491
0.686727
0.32365
0.0401095
0.476298
0.734863
0.926442
0.843793
0.996961
0.498248
0.2241
0.621448
0.216625
0.658734
0.474223
0.637233
0.479035
0.109564
0.507948
0.771828
0.00913032
0.940847
0.383988
0.484062
0.104549
0.544392
0.84488
0.890537
0.192365
0.76852
0.602779
0.843856
0.455248
0.926428
0.883966
0.931546
0.661292
0.810408
0.775339
0.658253
0.308655
0.999439
0.279701
0.52528
0.658174
0.753924
0.162513
0.137209
0.863488
0.670461
0.909036
0.872618
0.611309
0.293024
0.35668
0.715858
0.837416
0.201561
0.606395
0.0297813
0.970081
0.209173
0.873637
0.425329
0.135602
0.757603
0.356875
0.796893
0.568011
0.132214
0.455146
0.876666
0.131654
0.734847
0.401947
0.789827
0.48877
0.56446
0.927036
0.352258
0.234921
0.836072
0.224876
0.84623
0.129097
0.581556
0.562088
0.966513
0.783117
0.168482
0.996294
0.753198
0.377656
0.869931
0.178526
0.513258
0.627534
0.535401
0.310151
0.195545
0.667615
0.765297
0.0722115
0.799269
0.500144
0.474158
0.589096
0.988914
0.0386179
0.516132
0.341172
0.273539
0.352205
0.566048
0.119769
0.481302
0.147604
0.681856
0.447814
0.930721
0.850339
0.444108
0.683918
0.227995
0.31404
0.862445
0.741252
0.941574
0.397846
0.0514035
0.137119
0.0654615
0.816701
0.209331
0.864731
0.316844
0.683489
0.453827
0.305758
0.722107
0.969959
0.64693
0.995646
0.322164
0.212978
0.115415
0.803466
0.360582
0.797271
0.25128
0.291302
0.64761
0.695388
0.975221
0.875605
0.00942754
0.837666
0.616857
0.951002
0.235512
0.668261
0.0881208
0.300973
0.484961
0.297451
0.165704
0.801805
0.98094
0.619531
0.107564
0.703047
0.58949
0.754494
0.698693
0.911654
0.967471
0.814107
0.715119
0.328053
0.611378
0.966399
0.619356
0.258988
0.661787
0.594576
0.134593
0.671215
0.432242
0.75145
0.622216
0.667754
0.419711
0.710337
0.968727
0.904672
0.00778856
0.134431
0.706477
0.988729
0.753961
0.814041
0.691776
0.343451
0.568535
0.390468
0.255105
0.536006
0.204576
0.970224
0.864059
0.815954
0.936623
0.483415
0.0749418
0.59841
0.077991
0.209535
0.269625
0.510233
0.960985
0.891841
0.177986
0.380695
0.602179
0.146713
0.285367
0.609967
0.281144
0.991845
0.598696
0.0351049
0.805886
0.290472
0.378556
0.37442
0.68094
0.63366
0.910426
0.885516
0.603884
0.774486
0.701469
0.540507
0.2579
0.776411
0.138918
0.335891
0.985946
0.408543
0.846124
0.94693
0.300384
0.0241106
0.327625
0.902563
0.170824
0.612993
0.51253
0.451968
0.604837
0.111226
0.487073
0.410723
0.401697
0.865628
0.785143
0.0826374
0.499289
0.69557
0.968153
0.103173
0.470055
0.669622
0.64368
0.727956
0.446033
0.782597
0.0638469
0.431979
0.19114
0.909971
0.378909
0.491524
0.934082
0.706534
0.394087
0.104906
0.319527
0.906617
0.556873
0.924364
0.0178426
0.043946
0.335087
0.41954
0.909574
0.120231
0.502177
0.408863
0.815801
0.47033
0.512035
0.285856
0.139952
0.155715
0.0138116
0.585985
0.938313
0.0776584
0.0179642
0.129453
0.987629
0.396873
0.620977
0.921711
0.103407
0.0150641
0.0266167
0.422934
0.921681
0.58349
0.347299
0.939524
0.627436
0.682386
0.359064
0.53701
0.802617
0.861241
0.945873
0.618418
0.331571
0.457908
0.904274
0.471524
0.613623
0.918085
0.0575092
0.551936
0.995744
0.0754733
0.681389
0.983373
0.472346
0.302366
0.905084
0.575754
0.31743
0.931701
0.998688
0.239111
0.515191
0.345987
0.178635
0.142627
0.0283734
0.537698
0.679637
0.830991
0.398939
0.62551
0.449408
0.730511
0.0834185
0.353682
0.202034
0.697042
0.271768
0.259543
0.248978
0.267511
0.335017
0.930367
0.250885
0.807363
0.232733
0.155969
0.383117
0.550163
0.0876698
0.381805
0.789274
0.602861
0.727792
0.967908
0.745488
0.756166
0.505607
0.425125
0.587156
0.904546
0.0506351
0.0365646
0.635057
0.134054
0.390247
0.837091
0.831096
0.662014
0.0966344
0.0800736
0.929526
0.431651
0.0104404
0.18041
0.239014
0.243173
0.336379
0.622131
0.793336
0.424049
0.00393654
0.58261
0.0269098
0.731729
0.550518
0.772398
0.487894
0.0561246
0.197522
0.0750505
0.960671
0.248158
0.111615
0.595727
0.382211
0.501862
0.432818
0.213307
0.163876
0.529453
0.29338
0.0934022
0.961104
0.303821
0.273813
0.200118
0.546994
0.610192
0.82225
0.340329
0.0342407
0.826186
0.922939
0.0611505
0.557915
0.473457
0.833548
0.0458093
0.529582
0.0310705
0.12086
0.490252
0.279228
0.232475
0.0859795
0.661439
0.734337
0.518798
0.874746
0.898213
0.0482503
0.168126
0.991615
0.00935417
0.471947
0.265428
0.209472
0.0189403
0.87562
0.0317222
0.35927
0.90986
0.857908
0.282209
0.971011
0.415823
0.755666
0.804559
0.461633
0.285247
0.835629
0.582492
0.775499
0.114857
0.814967
0.861479
0.776297
0.549304
0.380277
0.651043
0.447517
0.428527
0.819169
0.439133
0.437881
0.291115
0.704561
0.647354
0.310056
0.58018
0.679076
0.669325
0.490041
0.536984
0.951534
0.461052
0.952807
0.7072
0.26561
0.41444
0.992447
0.10124
0.996933
0.767947
0.216097
0.8119
0.629425
0.992394
0.361204
0.00970207
0.643436
0.808722
0.438229
0.462605
0.247854
0.87611
0.75372
0.952415
0.523464
0.0637759
0.532596
0.202539
0.733101
0.0226365
0.739524
0.684635
0.483688
0.692331
0.391835
0.749298
0.106771
0.384282
0.850538
0.103704
0.152229
0.0666352
0.915604
0.781654
0.0590291
0.276808
0.791356
0.702465
0.0855294
0.229585
0.16507
0.333384
0.105696
0.918791
0.285799
0.629159
0.982567
0.818395
0.831699
0.715668
0.841031
0.571222
0.400303
0.324719
0.263553
0.792139
0.0740177
0.370324
0.176421
0.924556
0.474028
0.32865
0.991191
0.389632
0.110304
0.0502201
0.666439
0.901661
0.752686
0.751969
0.131246
0.917756
0.0853526
0.236942
0.836547
0.371152
0.866101
0.819113
0.189547
0.697799
0.534781
0.030578
0.269021
0.935085
0.355297
0.532574
0.727223
0.429315
0.902899
0.903644
0.353871
0.376927
0.232294
0.345062
0.766558
0.342598
0.395282
0.432997
0.244259
0.147968
0.184966
0.375505
0.0657237
0.270319
0.612446
0.90227
0.641471
0.478547
0.721384
0.831017
0.176346
0.256165
0.861595
0.445368
0.19125
0.216893
0.977942
0.918473
0.646208
0.880841
0.822117
7.87098e-05
0.257767
0.0544108
0.345141
0.0243254
0.397009
0.740423
0.457323
0.641268
0.88839
0.642289
0.0167723
0.954114
0.912608
0.629219
0.856385
0.554078
0.107766
0.577768
0.385095
0.284112
0.833934
0.246691
0.729479
0.0251833
0.463583
0.707421
0.943656
0.109791
0.588262
0.765773
0.10987
0.846029
0.820184
0.45501
0.870355
0.217193
0.195433
0.327678
0.85846
0.0838235
0.969967
0.875232
0.0379376
0.882574
0.504451
0.894322
0.436653
0.612217
0.472091
0.821748
0.896328
0.306024
0.0684388
0.625808
0.331207
0.532022
0.333229
0.274863
0.641813
0.921491
0.0406364
0.751683
0.767521
0.86082
0.206693
0.637875
0.0780127
0.402126
0.965553
0.936473
0.48595
0.93552
0.811705
0.523887
0.818094
0.316156
0.41821
0.254747
0.928373
0.8903
0.0764948
0.824701
0.196324
0.144934
0.450509
0.527532
0.676956
0.783738
0.802395
0.318769
0.70523
0.843031
0.0704516
0.47275
0.703851
0.277145
0.110626
0.781864
0.679271
0.0761785
0.718337
0.165221
0.011698
0.530042
0.689109
0.829792
0.846199
0.107318
0.0845386
0.774572
0.997618
0.161033
0.599273
0.193942
0.305967
0.0497822
0.721474
0.982923
0.833521
0.523869
0.301691
0.53875
0.3669
0.372143
0.0115004
0.0707517
0.649288
0.122126
0.852616
0.328559
0.198304
0.570953
0.49378
0.210002
0.100995
0.182889
0.0397944
0.947194
0.290207
0.124333
0.721765
0.287825
0.285366
0.321038
0.481767
0.591333
0.37082
0.203241
0.574256
0.204341
0.72711
0.875948
0.743091
0.0940106
0.248091
0.754592
0.164762
0.897378
0.876718
0.0173781
0.225937
0.075022
0.588331
0.719717
0.285024
0.689326
0.902606
0.324819
0.636519
0.192813
0.449152
0.358284
0.480638
0.734518
0.679323
0.962405
0.325852
0.0501429
0.165647
0.900108
0.254484
0.892757
0.776055
0.997575
0.986768
0.0241456
0.752167
0.15153
0.921524
0.628884
0.168908
0.147461
0.703906
0.757239
0.867179
0.98893
0.446565
0.769785
0.313749
0.083084
0.962598
0.762901
0.441368
0.443236
0.497419
0.120691
0.405641
0.823271
0.170834
0.571288
0.723378
0.425318
0.464046
0.499433
0.422893
0.450813
0.523579
0.175059
0.602343
0.445103
0.803943
0.771252
0.592564
0.507849
0.528491
0.459743
0.49678
0.975056
0.229528
0.810529
0.0581396
0.192126
0.57343
0.499508
0.635362
0.0708486
0.620199
0.0410034
0.894119
0.791033
0.612292
0.617497
0.21635
0.0763373
0.116931
0.639243
0.527151
0.64051
0.814302
0.129494
0.0856124
0.618245
0.900746
0.678177
0.126094
0.429237
0.137919
0.622874
0.404292
0.367447
0.433403
0.462432
0.559573
0.00683222
0.96194
0.194935
0.0776809
0.582139
0.235939
0.9718
0.373172
0.848231
0.589297
0.589522
0.924568
0.706228
0.228765
0.451718
0.346738
0.043067
0.581213
0.43235
0.661312
0.481959
0.110526
0.787406
0.911195
0.248446
0.41028
0.315487
0.615893
0.843683
0.777919
0.175467
0.850515
0.739859
0.370402
0.928196
0.321998
0.606341
0.899996
0.69517
0.454571
0.489294
0.284692
0.379139
0.195522
0.513457
0.830858
0.542259
0.556524
0.41207
0.974609
0.217836
0.894029
0.0851355
0.00524244
0.805224
0.333582
0.415523
0.120711
0.949475
0.259206
0.898631
0.124942
0.109721
0.63849
0.495344
0.0379171
0.960488
0.101684
0.937913
0.655658
0.556256
0.427207
0.94035
0.935395
0.622728
0.453807
0.766252
0.164987
0.0103303
0.178322
0.139596
0.228166
0.0723511
0.224732
0.233409
0.877575
0.558313
0.648932
0.998286
0.507788
0.908137
0.896917
0.63273
0.0178584
0.535407
0.128074
0.0557754
0.495895
0.229758
0.993689
0.151553
0.786014
0.420895
0.0919029
0.721408
0.0436235
0.545709
0.487661
0.208611
0.55604
0.665983
0.348207
0.784206
0.738334
0.572939
0.0176148
0.615909
0.131253
0.666546
0.614196
0.639041
0.574684
0.511113
0.271771
0.592542
0.0465197
0.399845
0.648318
0.542415
0.629603
0.642006
0.693968
0.415616
0.0629014
0.785871
0.137025
0.106525
0.33158
0.624686
0.315136
0.88762
0.290669
0.663343
0.671826
0.0290031
0.236282
0.689441
0.644912
0.367535
0.355988
0.259108
0.00657599
0.930671
0.770221
0.278347
0.523213
0.81674
0.678192
0.171531
0.359155
0.307794
0.813537
0.0531231
0.723411
0.876439
0.838994
0.860436
0.982964
0.170575
0.485121
0.298099
0.0581949
0.77579
0.961443
0.730021
0.804793
0.197725
0.419463
0.449706
0.56526
0.77545
0.708814
0.571836
0.706122
0.479034
0.850183
0.229335
0.295774
0.528374
0.400866
0.65493
0.836169
0.214403
0.708053
0.55958
0.0908418
0.547047
0.420016
0.0738053
0.717621
0.905137
0.371905
0.775816
0.680927
0.333347
0.505838
0.485721
0.531072
0.9253
0.935427
0.0963318
0.70075
0.64424
0.668168
0.406872
0.123274
0.51835
0.636207
0.419049
0.0467248
0.0370727
0.0739784
0.882894
0.251476
0.782031
0.442473
0.342318
0.329078
0.862489
0.416123
0.0466993
0.767626
0.788028
0.822516
0.448553
0.121375
0.328353
0.934274
0.652447
0.253653
0.869701
0.748779
0.954403
0.513941
0.416946
0.361275
0.637215
0.935297
0.997482
0.0562641
0.982021
0.0345545
0.130243
0.864915
0.28603
0.912274
0.307389
0.628348
0.241352
0.169878
0.0444709
0.288051
0.937504
0.832499
0.110566
0.386057
0.953874
0.43892
0.320331
0.606321
0.692573
0.190032
0.355099
0.646976
0.703973
0.772046
0.00825117
0.341188
0.707342
0.00573296
0.397452
0.689364
0.0402874
0.527695
0.554279
0.326318
0.439969
0.861668
0.954666
0.68132
0.0315451
0.999137
0.969371
0.969049
0.831635
0.0799376
0.355106
0.785509
0.518857
0.675437
0.391829
0.21143
0.865469
0.746929
0.858406
0.569442
0.518974
0.866657
0.91063
0.226317
0.87239
0.308083
0.915681
0.912678
0.835778
0.46996
0.238995
0.275746
0.331628
0.193661
0.957067
0.363173
0.192798
0.926438
0.332221
0.0244328
0.00637515
0.687327
0.809942
0.525232
0.362764
0.201771
0.736662
0.228233
0.948699
0.595068
0.797675
0.467674
0.461725
0.708306
0.693991
0.334115
0.0163886
0.609672
0.246793
0.852166
0.0796314
0.485788
0.127913
0.411259
0.679449
0.0849792
0.774432
0.872247
0.0114168
0.106653
0.896679
0.0177919
0.79398
0.706621
0.543024
0.156744
0.908392
0.279686
0.384978
0.857091
0.874754
0.182653
0.324765
0.33648
0.890959
0.0187556
0.670595
0.907348
0.628427
0.917387
0.759514
0.708059
0.403175
0.887427
0.119317
0.0826245
0.972406
0.893749
0.954871
0.983822
0.000401915
0.85155
0.00161441
0.794382
0.558171
0.544639
0.951126
0.466563
0.824325
0.336104
0.323654
0.699079
0.518757
0.648419
0.0355588
0.409715
0.667174
0.706154
0.317063
0.295601
0.623541
0.0765769
0.00365984
0.0267166
0.964003
0.122977
0.109341
0.936409
0.0167264
0.064212
0.920232
0.0171283
0.915762
0.921846
0.81151
0.473933
0.466485
0.762636
0.940496
0.29081
0.0987398
0.26415
0.989889
0.617496
0.912569
0.0254477
0.0272119
0.579743
0.731601
0.344275
0.875344
0.355142
0.420852
0.879004
0.381859
0.384855
0.00198118
0.4912
0.321264
0.0187075
0.555412
0.241496
0.0358358
0.471174
0.163342
0.847346
0.945108
0.629826
0.609982
0.885604
0.920636
0.708722
0.149754
0.910525
0.326219
0.0623224
0.935973
0.35343
0.642065
0.667574
0.697705
0.517409
0.0227163
0.118557
0.396413
0.404575
0.503412
0.398394
0.895775
0.824677
0.417102
0.451187
0.0661726
0.452938
0.922362
0.229514
0.300284
0.867469
0.859341
0.910266
0.753073
0.779977
0.618988
0.902827
0.690502
0.945206
0.96515
0.626474
0.298637
0.607215
0.294048
0.996342
0.124624
0.316765
0.1149
0.521037
0.72134
0.618312
0.919431
0.617115
0.442989
0.336533
0.0683023
0.509161
0.78947
0.990664
0.738676
0.0897537
0.858133
0.598017
1.94833e-05
0.611207
0.377994
0.619007
0.514034
0.0684954
0.564214
0.479183
0.69497
0.862851
0.0863978
0.989018
0.859193
0.211022
0.305783
0.974092
0.732058
0.0271228
0.592404
0.651489
0.644238
0.0353929
0.988022
0.71254
0.544554
0.777492
0.703204
0.28323
0.867246
0.561337
0.881246
0.867265
0.172544
0.25924
0.486273
0.686578
0.327735
0.0504864
0.165761
0.0227052
0.913337
0.252159
0.0117235
0.77253
0.46318
0.317506
0.746622
0.195239
0.344629
0.339027
0.846728
0.988867
0.37442
0.83475
0.701408
0.918974
0.612242
0.404612
0.202203
0.479488
0.965949
0.0834497
0.346753
0.138493
0.34269
0.833026
0.825071
